# Rhino

g object_1
v -6.476244449615479 1.383062958717346 6.286948680877686
v -6.464965343475342 -0.4753154218196869 8.885133743286133
v -6.386428833007813 3.138704776763916 6.334440231323242
v -6.373004913330078 -0.3011230528354645 6.072641849517822
v -6.352588176727295 -2.436432600021362 8.448254585266113
v -6.351267814636231 1.509630680084229 9.104695320129395
v -6.09876298904419 4.786014556884766 6.208639144897461
v -6.076710224151611 -1.913856387138367 5.691490650177002
v -6.041083335876465 -4.184437274932861 7.824988842010498
v -6.011495113372803 3.518379211425781 9.106911659240723
v -5.752843856811523 1.36624801158905 6.553036212921143
v -5.743828773498535 -0.4310393631458283 8.617342948913574
v -5.673122882843018 -0.2742871046066284 6.395281314849854
v -5.653907775878906 1.448959946632385 8.783078193664551
v -5.649314880371094 3.06124758720398 6.547866821289063
v -5.635982036590576 -3.280868053436279 5.193173885345459
v -5.622226238250732 -2.293717861175537 8.248376846313477
v -5.613253593444824 6.324990749359131 5.90949010848999
v -5.530450344085693 -5.719318389892578 7.015308856964111
v -5.458435535430908 5.359800338745117 8.900386810302734
v -5.408575057983398 -1.859840869903565 6.072698593139648
v -5.362683296203613 4.629849910736084 6.378210067749023
v -5.354318141937256 3.345143795013428 8.743398666381836
v -5.317023754119873 -3.948435068130493 7.703392028808594
v -5.050817489624023 -4.402163982391357 4.577690601348877
v -5.004110336303711 -3.21561598777771 5.631814002990723
v -4.951880931854248 7.705787181854248 5.456761360168457
v -4.89522123336792 6.077820777893066 6.046311855316162
v -4.883021831512451 -6.990304946899414 6.085281848907471
v -4.859809875488281 5.065933704376221 8.513724327087402
v -4.826483726501465 -5.406847476959229 6.983638286590576
v -4.702375888824463 1.292774319648743 6.521515369415283
v -4.69209098815918 7.033922672271729 8.48509407043457
v -4.690567016601563 -0.3815684020519257 8.666367530822754
v -4.620908737182617 2.855021238327026 6.449021339416504
v -4.61960506439209 -0.2335510104894638 6.444000720977783
v -4.602789878845215 1.385001540184021 8.750825881958008
v -4.458034992218018 -4.346023559570313 5.068992137908936
v -4.383764743804932 -5.287153720855713 3.907956600189209
v -4.38322114944458 4.283039093017578 6.232718467712402
v -4.324108600616455 3.149760723114014 8.642550468444824
v -4.271219730377197 7.36278247833252 5.57557487487793
v -4.208955764770508 -6.620259761810303 6.148849487304688
v -4.17191743850708 6.623430252075195 8.091275215148926
v -4.114652156829834 8.928345680236816 4.850396156311035
v -4.098791599273682 -7.997363090515137 5.034850597381592
v -3.989124298095703 5.57802677154541 5.874084949493408
v -3.876988172531128 4.730008602142334 8.364498138427734
v -3.864917755126953 -5.140363216400147 7.331223487854004
v -3.827301740646362 -5.259034156799316 4.442999839782715
v -3.764830350875855 8.470162391662598 7.909092903137207
v -3.651908159255981 1.219300627708435 6.489994049072266
v -3.637305736541748 -0.3320974111557007 8.71539306640625
v -3.634820222854614 -5.935869216918945 3.183999538421631
v -3.592503070831299 2.648795127868652 6.350175857543945
v -3.566087484359741 -0.192814901471138 6.492720603942871
v -3.551672458648682 1.321043252944946 8.718573570251465
v -3.492845296859741 -4.089357376098633 5.412458896636963
v -3.489223957061768 8.490983009338379 4.96298885345459
v -3.463042497634888 6.721558570861816 5.395956039428711
v -3.460753440856934 -7.595250129699707 5.195247650146484
v -3.403759479522705 3.936227798461914 6.087226867675781
v -3.339142084121704 7.953241348266602 7.526577472686768
v -3.293899059295654 2.954377889633179 8.541703224182129
v -3.293012857437134 -6.333693504333496 6.595357894897461
v -3.261498689651489 6.132810592651367 7.914268970489502
v -3.24932074546814 -8.737368583679199 3.938888311386108
v -3.14797568321228 9.945600509643555 4.133994579315186
v -3.109582185745239 -5.952797889709473 3.750229835510254
v -3.083027601242065 5.078232765197754 5.701858043670654
v -2.906293630599976 -4.981765747070313 4.883862972259522
v -2.903351783752441 -4.873879432678223 7.678808689117432
v -2.894165992736816 4.394083499908447 8.215271949768066
v -2.852964878082275 -6.384110450744629 2.454475164413452
v -2.802807092666626 7.717873096466065 4.796698570251465
v -2.676650762557983 9.668492317199707 7.172410488128662
v -2.654865026473999 6.080334663391113 5.216337203979492
v -2.647366523742676 -8.326194763183594 4.191739559173584
v -2.601440191268921 1.145826935768127 6.458472728729248
v -2.593842267990112 9.422686576843262 4.253688335418701
v -2.593761444091797 -7.318064212799072 5.735801219940186
v -2.584044456481934 -0.2826264500617981 8.76441764831543
v -2.564097166061401 2.442569017410278 6.251330375671387
v -2.527655601501465 -3.832690954208374 5.755925178527832
v -2.525631189346314 7.320140838623047 7.340830802917481
v -2.512569665908814 -0.1520788073539734 6.541440010070801
v -2.500554800033569 1.257084846496582 8.686321258544922
v -2.424297571182251 3.589416742324829 5.94173526763916
v -2.377069711685181 -6.04712724685669 7.041866302490234
v -2.360081434249878 9.06505298614502 6.812335014343262
v -2.351080417633057 5.642190933227539 7.737263679504395
v -2.350605964660645 -6.457562446594238 3.036924362182617
v -2.334609031677246 -9.210321426391602 2.797366142272949
v -2.263689517974854 2.758994817733765 8.440855026245117
v -2.235975742340088 -5.684170246124268 4.28345537185669
v -2.176930665969849 4.578438758850098 5.5296311378479
v -2.116389989852905 6.94476318359375 4.63040828704834
v -2.051860094070435 10.75752449035645 3.307527542114258
v -2.044021129608154 8.542096138000488 4.111569881439209
v -2.038194894790649 -6.631876945495606 1.71935510635376
v -1.985285520553589 -4.704497337341309 5.324726104736328
v -1.94178581237793 -4.607395172119141 8.026393890380859
v -1.911344051361084 4.058158397674561 8.066044807434082
v -1.8466876745224 5.43911075592041 5.036718368530273
v -1.82166314125061 -8.081581115722656 4.80985689163208
v -1.766691088676453 -8.812326431274414 3.134775876998901
v -1.72676956653595 -7.040878295898438 6.276354789733887
v -1.712120175361633 6.687040328979492 7.155083656311035
v -1.667828679084778 8.298142433166504 6.63934850692749
v -1.58311140537262 10.16019153594971 3.442389249801636
v -1.562466025352478 -3.576024532318115 6.099391460418701
v -1.55097234249115 1.07235324382782 6.426951885223389
v -1.54975962638855 -6.769550323486328 2.302145004272461
v -1.535691142082214 2.236342906951904 6.152485370635986
v -1.53078293800354 -0.2331554740667343 8.813442230224609
v -1.517275452613831 -6.219772815704346 3.646747827529907
v -1.501640677452087 10.59817886352539 6.34475040435791
v -1.494200229644775 7.661505699157715 3.969450950622559
v -1.479255676269531 -1.714373350143433 8.81969165802002
v -1.461126804351807 -5.760560512542725 7.488374710083008
v -1.459051847457886 -0.1113426983356476 6.590159893035889
v -1.449437141418457 1.193126440048218 8.654068946838379
v -1.444835782051086 3.242605924606323 5.796243667602539
v -1.440661787986755 5.151571273803711 7.560257911682129
v -1.429973125457764 6.171652793884277 4.464118003845215
v -1.410052299499512 -9.444141387939453 1.668512225151062
v -1.362369418144226 -5.415542125701904 4.816680431365967
v -1.30080258846283 9.929665565490723 6.016828536987305
v -1.295079231262207 -3.084753751754761 8.672331809997559
v -1.270833849906921 4.078644752502441 5.357404232025147
v -1.261789917945862 -1.312055587768555 6.639525890350342
v -1.233479976654053 2.563611745834351 8.340007781982422
v -1.225220084190369 -6.715753555297852 1.012383580207825
v -1.064277410507202 -4.427228927612305 5.765589237213135
v -1.038510203361511 4.797886848449707 4.857099533081055
v -0.9959598183631897 -7.836966991424561 5.427974224090576
v -0.980219841003418 -4.340910911560059 8.373978614807129
v -0.9755759239196777 7.531230926513672 6.466361999511719
v -0.9754096865653992 -8.6246337890625 3.814884424209595
v -0.9745191931724548 -2.386305809020996 6.591552257537842
v -0.9443791508674622 6.7809157371521 3.827332496643066
v -0.9285220503807068 3.722233295440674 7.916818618774414
v -0.8986091613769531 6.053940296173096 6.969336986541748
v -0.87890625 11.33932113647461 2.420333385467529
v -0.8728590607643127 2.093528509140015 5.782695770263672
v -0.8699077963829041 -9.076709747314453 2.079033136367798
v -0.859777569770813 -6.763692378997803 6.816908359527588
v -0.8512096405029297 1.034661531448364 6.103034019470215
v -0.8351301550865173 2.978876113891602 5.398419857025147
v -0.8294779062271118 -0.2222000658512116 9.135087013244629
v -0.8076351881027222 -1.677081942558289 9.198115348815918
v -0.7503007650375366 -6.586750507354736 2.973299503326416
v -0.744657576084137 9.054039001464844 5.86736011505127
v -0.7435560822486877 5.398542881011963 4.29782772064209
v -0.741397500038147 -6.919039726257324 1.57969331741333
v -0.7379891872406006 3.69067645072937 4.950235843658447
v -0.7375063300132752 -0.04800786823034287 6.322596073150635
v -0.7262299060821533 1.161229014396668 8.920780181884766
v -0.6839450597763062 -5.981982707977295 4.256571292877197
v -0.6575776934623718 -3.036839246749878 9.105632781982422
v -0.5972763895988464 -3.319358110427856 6.44285774230957
v -0.5972763895988464 4.29951286315918 4.458252906799316
v -0.5451837778091431 -5.473994255065918 7.93488359451294
v -0.5317772030830383 -1.154505252838135 6.441352367401123
v -0.5302433967590332 4.660951614379883 7.383252143859863
v -0.5055035352706909 10.68361759185791 2.578656673431397
v -0.4979199171066284 2.473202466964722 8.555166244506836
v -0.4887630641460419 -5.146914005279541 5.349905967712402
v -0.4756512045860291 -9.438773155212402 0.5522695779800415
v -0.4140432178974152 -6.635739803314209 0.3335883915424347
v -0.4129353165626526 4.805414199829102 3.922442436218262
v -0.3945581316947937 5.900325298309326 3.685213804244995
v -0.379248321056366 -4.301466464996338 8.857639312744141
v -0.2833231091499329 6.764320373535156 6.293375015258789
v -0.2524821758270264 -2.133269309997559 6.473818302154541
v -0.2397856712341309 11.25919342041016 5.42614221572876
v -0.1947938352823257 3.552662372589111 8.090167045593262
v -0.188512459397316 8.178412437438965 5.717892169952393
v -0.1841282695531845 -8.436941146850586 4.494993209838867
v -0.1791433840990067 5.239112377166748 3.341271877288818
v -0.1702564656734467 -7.592352867126465 6.046091556549072
v -0.1601127088069916 10.55048942565918 5.13398027420044
v -0.1432693749666214 -4.149960517883301 6.2064528465271
v -0.1017939820885658 -8.956816673278809 2.800689697265625
v -0.08509819954633713 5.420839786529541 6.783589839935303
v 0.007214377634227276 -6.48650598526001 7.357461929321289
v 0.01045241113752127 6.306045532226563 3.022750616073608
v 0.02167192846536636 -5.461553573608398 8.459388732910156
v 0.03529847040772438 -6.802073001861572 2.292040586471558
v 0.04305994883179665 -9.116247177124023 1.023432493209839
v 0.04915805533528328 -6.403950214385986 3.644454002380371
v 0.07424739748239517 -6.903502941131592 0.8696826100349426
v 0.1003788709640503 -2.98429799079895 6.420021533966065
v 0.1041850745677948 5.60063648223877 2.71471118927002
v 0.149385392665863 -5.744193077087402 4.866394519805908
v 0.1831761002540588 4.399607658386231 7.525839328765869
v 0.365102618932724 -6.42262601852417 -0.2884842157363892
v 0.3676326274871826 7.302785873413086 5.568424224853516
v 0.3708686232566834 11.69095993041992 1.472383856773377
v 0.3848433494567871 -4.878286361694336 5.883131504058838
v 0.4089296758174896 5.997409343719482 6.120388507843018
v 0.4267105758190155 -9.225659370422363 -0.5071654319763184
v 0.4333285093307495 5.88254451751709 2.050686359405518
v 0.4583239853382111 6.608092308044434 2.321999788284302
v 0.5209261178970337 -3.758402109146118 6.282063484191895
v 0.5452114939689636 -6.517068386077881 7.910853862762451
v 0.5897770524024963 5.063888549804688 6.910583972930908
v 0.6071531772613525 -8.249248504638672 5.175101757049561
v 0.6388304233551025 10.99248218536377 1.659082293510437
v 0.6554468870162964 -7.347739219665527 6.664208889007568
v 0.6663198471069336 -8.836924552917481 3.522346019744873
v 0.7168131470680237 9.946566581726074 1.640676498413086
v 0.7947959303855896 8.900651931762695 1.622270822525024
v 0.7992342114448547 -9.076489448547363 1.766285419464111
v 0.8082879781723023 6.084865093231201 1.349167943000794
v 0.8119944334030151 -6.685105800628662 3.004387617111206
v 0.839091956615448 -6.86470365524292 1.603112459182739
v 0.848616898059845 -6.221150398254395 4.315608501434326
v 0.8663738369941711 -6.74830436706543 0.2018231302499771
v 0.8727787137031555 7.854737281799316 1.603865146636963
v 0.92377769947052 6.427159309387207 5.418955802917481
v 0.9322420358657837 -8.95721435546875 0.01040938030928373
v 0.9507614374160767 6.808822154998779 1.585459351539612
v 0.9827158451080322 -5.506402969360352 5.476217746734619
v 1.005069494247437 10.9323787689209 4.221705436706543
v 1.009188294410706 -4.455583095550537 6.060001850128174
v 1.025037527084351 5.545560836791992 6.244457244873047
v 1.044409155845642 11.65897655487061 4.476828575134277
v 1.11220908164978 -6.076411724090576 -0.8537576198577881
v 1.172197818756104 -7.432212352752686 7.231547355651856
v 1.211622476577759 6.191407680511475 0.6316300630569458
v 1.297032594680786 -8.80479907989502 -1.509877920150757
v 1.398434638977051 -8.061555862426758 5.855210304260254
v 1.434433698654175 -8.717031478881836 4.244002342224121
v 1.460837602615356 6.710232734680176 4.682785034179688
v 1.464927911758423 6.894516468048096 0.8351152539253235
v 1.46720027923584 5.891690254211426 5.552027702331543
v 1.55023181438446 7.93976354598999 0.8083232641220093
v 1.555408477783203 -9.036730766296387 2.509138345718384
v 1.568544983863831 -5.078959465026856 5.747134208679199
v 1.588690400123596 -6.56813907623291 3.716734647750855
v 1.603936553001404 -6.82590389251709 2.336542367935181
v 1.631218314170837 -6.78710412979126 0.9352600574493408
v 1.634612321853638 -6.451171875 -0.4238284528255463
v 1.635535717010498 8.985011100769043 0.7815312147140503
v 1.643360733985901 6.202201366424561 -0.101927675306797
v 1.648075699806213 -6.038350105285645 4.986763000488281
v 1.649041771888733 11.7975025177002 0.508414089679718
v 1.688416361808777 -8.996973037719727 0.7532621622085571
v 1.720839619636536 10.03025817871094 0.7547392249107361
v 1.797451615333557 -8.597138404846191 -0.9604112505912781
v 1.801002144813538 -5.628539562225342 -1.338227868080139
v 1.806143522262573 11.07550525665283 0.7279472351074219
v 1.902602910995483 -8.20698356628418 6.42149829864502
v 1.91626501083374 6.102304935455322 4.833325386047363
v 1.997215867042542 6.86562967300415 3.932440757751465
v 2.002782821655273 6.86562967300415 0.07281272113323212
v 2.083734035491943 6.102304935455322 -0.8280720710754395
v 2.097396612167358 -8.20698356628418 -2.416253089904785
v 2.19385552406311 11.07550525665283 3.277306079864502
v 2.198997020721436 -5.628539562225342 5.343486785888672
v 2.202547550201416 -8.597138404846191 4.965659141540527
v 2.250819444656372 7.882317066192627 0.0004965202533639967
v 2.279159545898438 10.03025817871094 3.250514268875122
v 2.311582803726196 -8.996973037719727 3.251991033554077
v 2.35095739364624 11.7975025177002 3.496839761734009
v 2.351922988891602 -6.038350105285645 -0.9815011620521545
v 2.356638431549072 6.202201366424561 4.107181549072266
v 2.364463329315186 8.985011100769043 3.223722457885742
v 2.365386486053467 -6.451171875 4.429081916809082
v 2.368781089782715 -6.78710412979126 3.069972276687622
v 2.396062850952148 -6.82590389251709 1.668696999549866
v 2.431454181671143 -5.078959465026856 -1.741883277893066
v 2.44459080696106 -9.036730766296387 1.49611496925354
v 2.449767351150513 7.93976354598999 3.196930408477783
v 2.498856067657471 8.899003982543945 -0.07181967794895172
v 2.532799243927002 5.891690254211426 -1.546780109405518
v 2.535071134567261 6.894516468048096 3.170138597488403
v 2.539161443710327 6.710232734680176 -0.6775317788124085
v 2.601564884185791 -8.061555862426758 -1.849971413612366
v 2.702965974807739 -8.80479907989502 5.515130996704102
v 2.746892929077148 9.915691375732422 -0.1441358774900436
v 2.788376569747925 6.191407680511475 3.373623609542847
v 2.82780122756958 -7.432212352752686 -3.226308107376099
v 2.887790441513062 -6.076411724090576 4.859002590179443
v 2.944399118423462 7.670296669006348 -0.7903283834457398
v 2.95559024810791 11.65897655487061 -0.4715754985809326
v 2.974961519241333 5.545560836791992 -2.239203453063965
v 2.990810871124268 -4.455583095550537 -2.05474591255188
v 2.994929552078247 10.9323787689209 -0.2164520919322968
v 3.017283201217651 -5.506402969360352 -1.470973134040833
v 3.049237728118897 6.808822154998779 2.419793605804443
v 3.06775712966919 -8.95721435546875 3.99484395980835
v 3.076221466064453 6.427159309387207 -1.413716673851013
v 3.127220392227173 7.854737281799316 2.401388168334961
v 3.133625507354736 -6.74830436706543 3.803402185440064
v 3.16090726852417 -6.86470365524292 2.402133941650391
v 3.191711187362671 6.084865093231201 2.656085729598999
v 3.200765132904053 -9.076489448547363 2.238967895507813
v 3.205203056335449 8.900651931762695 2.382982492446899
v 3.283185720443726 9.946566581726074 2.364576816558838
v 3.344552516937256 -7.347739219665527 -2.658955574035645
v 3.349636554718018 8.63036060333252 -0.9031250476837158
v 3.361168384552002 10.99248218536377 2.346171140670776
v 3.410222053527832 5.063888549804688 -2.905336141586304
v 3.454787969589233 -6.517068386077881 -3.905597925186157
v 3.47907304763794 -3.758402109146118 -2.276815891265869
v 3.541674852371216 6.608092308044434 1.683253884315491
v 3.566670179367065 5.88254451751709 1.954567432403565
v 3.573288440704346 -9.225659370422363 4.512418746948242
v 3.591068983078003 5.997409343719482 -2.115135431289673
v 3.615155696868897 -4.878286361694336 -1.877886652946472
v 3.629130363464356 11.69095993041992 2.532869815826416
v 3.632361650466919 7.302785873413086 -1.563180565834045
v 3.634896039962769 -6.42262601852417 4.293737411499023
v 3.754874229431152 9.590425491333008 -1.015921592712402
v 3.782631874084473 7.626973628997803 1.619089603424072
v 3.816823244094849 4.399607658386231 -3.520575284957886
v 3.850616455078125 -5.744193077087402 -0.8611475825309753
v 3.895813941955566 5.60063648223877 1.290542364120483
v 3.899620532989502 -2.98429799079895 -2.414756298065186
v 3.925751686096191 -6.903502941131592 3.135570764541626
v 3.956939458847046 -9.116247177124023 2.981820583343506
v 3.978327512741089 -5.461553573608398 -4.454126834869385
v 3.989546775817871 6.306045532226563 0.9825024604797363
v 3.992784976959229 -6.48650598526001 -3.352216482162476
v 4.02358865737915 8.645854949951172 1.554925322532654
v 4.085097789764404 5.420839786529541 -2.77833104133606
v 4.143268585205078 -4.149960517883301 -2.201216220855713
v 4.160111904144287 10.55048942565918 -1.128718256950378
v 4.170252323150635 -7.592352867126465 -2.040838003158569
v 4.179142475128174 5.239112377166748 0.6639819145202637
v 4.188501834869385 8.178412437438965 -1.712644457817078
v 4.194793224334717 3.552662372589111 -4.084925174713135
v 4.239784240722656 11.25919342041016 -1.420888543128967
v 4.252481460571289 -2.133269309997559 -2.468567371368408
v 4.264545917510986 9.664735794067383 1.490760922431946
v 4.283327579498291 6.764320373535156 -2.288117647171021
v 4.379247665405273 -4.301466464996338 -4.852388381958008
v 4.387938976287842 7.269582271575928 0.8775928616523743
v 4.394556999206543 5.900325298309326 0.3200396299362183
v 4.412934303283691 4.805414199829102 0.0828109085559845
v 4.414042472839356 -6.635739803314209 3.671664953231812
v 4.475649833679199 -9.438773155212402 3.452984094619751
v 4.488758563995361 -5.146914005279541 -1.344659090042114
v 4.497919082641602 2.473202466964722 -4.549910068511963
v 4.505503177642822 10.68361759185791 1.426596641540527
v 4.530242443084717 4.660951614379883 -3.377981662750244
v 4.531776428222656 -1.154505252838135 -2.436093091964722
v 4.545182704925537 -5.473994255065918 -3.92962646484375
v 4.597275733947754 -3.319358110427856 -2.43759298324585
v 4.597275733947754 4.29951286315918 -0.4529992043972015
v 4.657577037811279 -3.036839246749878 -5.100390911102295
v 4.68394947052002 -5.981982707977295 -0.2513220608234406
v 4.726229190826416 1.161229014396668 -4.91552734375
v 4.737504959106445 -0.04800786823034287 -2.317331075668335
v 4.737987995147705 3.69067645072937 -0.9449793696403503
v 4.741396903991699 -6.919039726257324 2.425559997558594
v 4.743555068969727 5.398542881011963 -0.2925744950771332
v 4.744641780853272 9.054039001464844 -1.86210834980011
v 4.786331653594971 8.233119010925293 0.7726832628250122
v 4.807634353637695 -1.677081942558289 -5.192876815795898
v 4.829476833343506 -0.2222000658512116 -5.129848480224609
v 4.835129737854004 2.978876113891602 -1.393169403076172
v 4.851205825805664 1.034661531448364 -2.097777843475342
v 4.859776973724365 -6.763692378997803 -2.811659574508667
v 4.869895935058594 -9.076709747314453 1.926220178604126
v 4.872849464416504 2.093528509140015 -1.777436494827271
v 4.878899574279785 11.33932113647461 1.584919691085815
v 4.898604869842529 6.053940296173096 -2.964079141616821
v 4.928521156311035 3.722204923629761 -3.911570549011231
v 4.944377422332764 6.7809157371521 0.1779209971427918
v 4.974506855010986 -2.386306047439575 -2.586295604705811
v 4.9755859375 7.531230926513672 -2.461099863052368
v 4.980216503143311 -4.340908050537109 -4.368716239929199
v 4.995951652526856 -7.836966991424561 -1.422720670700073
v 5.038500785827637 4.797886848449707 -0.8518431782722473
v 5.064277172088623 -4.427228927612305 -1.760348677635193
v 5.184723854064941 9.1966552734375 0.6677736639976502
v 5.225227355957031 -6.715753555297852 2.992869853973389
v 5.233493328094482 2.563611745834351 -4.334756851196289
v 5.261783599853516 -1.312052845954895 -2.63426685333252
v 5.270844459533691 4.078644752502441 -1.352145671844482
v 5.295072555541992 -3.084753751754761 -4.66709041595459
v 5.300782203674316 9.929665565490723 -2.011572360992432
v 5.362361431121826 -5.415542125701904 -0.8114316463470459
v 5.410051822662354 -9.444141387939453 2.336741209030151
v 5.429969787597656 6.171652793884277 -0.458867609500885
v 5.440656661987305 5.151571273803711 -3.554991722106934
v 5.444846153259277 3.242605924606323 -1.790979504585266
v 5.449448108673096 1.193126440048218 -4.648809432983398
v 5.459047794342041 -0.1113426983356476 -2.58488392829895
v 5.46112871170044 -5.760560512542725 -3.483116626739502
v 5.479243278503418 -1.714370608329773 -4.814435005187988
v 5.494197845458984 7.661505699157715 0.03580236434936523
v 5.501625537872315 10.59817886352539 -2.339494466781616
v 5.517282962799072 -6.219772815704346 0.3585034906864166
v 5.530796051025391 -0.2331554740667343 -4.808191776275635
v 5.53568172454834 2.236342906951904 -2.147237539291382
v 5.549769878387451 -6.769550323486328 1.703108072280884
v 5.550962924957275 1.07235324382782 -2.421692371368408
v 5.562467098236084 -3.576024532318115 -2.094127178192139
v 5.58311653137207 10.16019153594971 0.5628640651702881
v 5.667844295501709 8.298142433166504 -2.634082317352295
v 5.712112426757813 6.687040328979492 -3.149827241897583
v 5.726768493652344 -7.040878295898438 -2.271102428436279
v 5.766689777374268 -8.812326431274414 0.8704779744148254
v 5.821651458740234 -8.081581115722656 -0.8046033382415772
v 5.846675395965576 5.43911075592041 -1.031461238861084
v 5.94178581237793 -4.60739278793335 -4.021137714385986
v 5.981905937194824 -2.593633651733398 -2.34636116027832
v 5.985286235809326 -4.704497337341309 -1.319481253623962
v 6.03820276260376 -6.631876945495606 2.285898208618164
v 6.044018268585205 8.542096138000488 -0.1063162684440613
v 6.051865100860596 10.75752449035645 0.6977258324623108
v 6.116384029388428 6.94476318359375 -0.6251607537269592
v 6.17694091796875 4.578438758850098 -1.524378061294556
v 6.235963821411133 -5.684170246124268 -0.2782041728496552
v 6.298481464385986 -1.448999881744385 -2.492556571960449
v 6.300554275512695 -3.300675630569458 -4.424851894378662
v 6.334597110748291 -9.210321426391602 1.207886934280396
v 6.350615978240967 -6.457562446594238 0.9683290123939514
v 6.351071357727051 5.642190933227539 -3.732001543045044
v 6.360103130340576 9.06505298614502 -2.807064533233643
v 6.377074241638184 -6.04712724685669 -3.036607027053833
v 6.500560760498047 1.257084846496582 -4.681065082550049
v 6.512567520141602 -0.1520795226097107 -2.536169052124023
v 6.514989376068115 -1.859206199645996 -4.671608448028565
v 6.525619506835938 7.320140838623047 -3.335575342178345
v 6.527657985687256 -3.832690954208374 -1.750661611557007
v 6.584053039550781 -0.2826257348060608 -4.759169578552246
v 6.593760490417481 -7.318064212799072 -1.730545282363892
v 6.593838691711426 9.422686576843262 -0.2484349012374878
v 6.601436614990234 1.145826935768127 -2.453217267990112
v 6.647351264953613 -8.326194763183594 -0.1864859610795975
v 6.654850006103516 6.080334663391113 -1.211079359054565
v 6.676664352416992 9.668492317199707 -3.167148590087891
v 6.802798271179199 7.717873096466065 -0.7914538383483887
v 6.852966785430908 -6.384110450744629 1.550778269767761
v 6.903355121612549 -4.873878002166748 -3.673559188842773
v 6.906294822692871 -4.981765747070313 -0.8786137700080872
v 6.989305019378662 -2.800961017608643 -2.10642671585083
v 7.083037853240967 5.078232765197754 -1.696610450744629
v 7.109566688537598 -5.952797889709473 0.2550233006477356
v 7.147968769073486 9.945600509643555 -0.1287410855293274
v 7.249313831329346 -8.737368583679199 0.06636510044336319
v 7.261485576629639 6.132810592651367 -3.909011363983154
v 7.293020248413086 -6.333693504333496 -2.590097188949585
v 7.306035995483398 -3.516597270965576 -4.182613372802734
v 7.335179328918457 -1.585946798324585 -2.350846290588379
v 7.339127063751221 7.953241348266602 -3.521323442459106
v 7.460752010345459 -7.595250129699707 -1.189988136291504
v 7.463024616241455 6.721558570861816 -1.390697479248047
v 7.489212989807129 8.490983009338379 -0.9577469825744629
v 7.492848873138428 -4.089357376098633 -1.407195925712585
v 7.550735473632813 -2.004041910171509 -4.528781890869141
v 7.551673412322998 1.321043252944946 -4.713320255279541
v 7.56608772277832 -0.1928163468837738 -2.487454414367676
v 7.634810924530029 -5.935869216918945 0.8212539553642273
v 7.637310028076172 -0.3320959806442261 -4.710147380828857
v 7.651909828186035 1.219300627708435 -2.484741926193237
v 7.764815807342529 8.470162391662598 -3.903849124908447
v 7.827303886413574 -5.259034156799316 -0.4377462863922119
v 7.864924430847168 -5.140362739562988 -3.325980663299561
v 7.989134311676025 5.57802677154541 -1.868842840194702
v 7.9967041015625 -3.008288621902466 -1.866492509841919
v 8.098788261413574 -7.997363090515137 -1.029600143432617
v 8.11463737487793 8.928345680236816 -0.8451427817344666
v 8.171899795532227 6.623430252075195 -4.086021423339844
v 8.208966255187988 -6.620259761810303 -2.143587589263916
v 8.271199226379395 7.36278247833252 -1.570315599441528
v 8.311517715454102 -3.732519149780273 -3.940375328063965
v 8.37187671661377 -1.722893834114075 -2.20913577079773
v 8.383763313293457 -5.287153720855713 0.09729690104722977
v 8.458040237426758 -4.346023559570313 -1.063730239868164
v 8.586481094360352 -2.148877620697022 -4.385955333709717
v 8.602786064147949 1.385001540184021 -4.745575904846191
v 8.619606971740723 -0.2335531711578369 -2.438739776611328
v 8.690567016601563 -0.3815662264823914 -4.661125183105469
v 8.692087173461914 7.033922672271729 -4.479843616485596
v 8.702383041381836 1.292774319648743 -2.516266584396362
v 8.826494216918945 -5.406847476959229 -2.978402137756348
v 8.859812736511231 5.065933704376221 -4.508474826812744
v 8.883018493652344 -6.990304946899414 -2.080022573471069
v 8.895231246948242 6.077820777893066 -2.041075229644775
v 8.951868057250977 7.705787181854248 -1.451502323150635
v 9.004103660583496 -3.21561598777771 -1.626558065414429
v 9.050827980041504 -4.402163982391357 -0.5724374055862427
v 9.316999435424805 -3.948440790176392 -3.698137044906616
v 9.354323387145996 3.345115423202515 -4.738151073455811
v 9.362674713134766 4.629849910736084 -2.372954368591309
v 9.408575057983398 -1.859840869903565 -2.067425489425659
v 9.458423614501953 5.359800338745117 -4.895130634307861
v 9.530454635620117 -5.719318389892578 -3.010066747665405
v 9.613251686096191 6.324990749359131 -1.904248237609863
v 9.622227668762207 -2.293713331222534 -4.243128776550293
v 9.63597583770752 -3.280868053436279 -1.187909007072449
v 9.649325370788574 3.06124758720398 -2.54261326789856
v 9.653899192810059 1.448959946632385 -4.777831077575684
v 9.673127174377441 -0.2742899954319 -2.390025138854981
v 9.743824005126953 -0.431036502122879 -4.612103462219238
v 9.752857208251953 1.36624801158905 -2.547791242599487
v 10.01150226593018 3.518379211425781 -5.101663589477539
v 10.04107093811035 -4.184437274932861 -3.819732904434204
v 10.0767183303833 -1.913856387138367 -1.686223149299622
v 10.09875965118408 4.786014556884766 -2.203374862670898
v 10.35126876831055 1.509630680084229 -5.09944486618042
v 10.35257625579834 -2.436432600021362 -4.44300651550293
v 10.37299919128418 -0.3011230528354645 -2.067374467849731
v 10.3864336013794 3.138704776763916 -2.329189777374268
v 10.46496963500977 -0.4753154218196869 -4.879891872406006
v 10.47624683380127 1.383062958717346 -2.281695604324341
 -0.003527453867718577
