# Rhino

g Mesh_dodecahedron
v -11.2016191482544 -0.1627372950315476 -0.8587544560432434
v -11.2016191482544 0.2410818338394165 0.9370989799499512
v -11.07028579711914 -0.6309189200401306 0.9077591896057129
v -11.07028579711914 0.7092634439468384 -0.8294147253036499
v -10.99680805206299 -0.2708218991756439 2.732954263687134
v -10.99680805206299 0.3491664528846741 -2.654609680175781
v -10.83049488067627 -0.7286851406097412 -2.654609680175781
v -10.83049488067627 0.8070297241210938 2.732954263687134
v -10.70262336730957 -1.132502436637878 -0.8587544560432434
v -10.70262336730957 1.210847020149231 0.9370989799499512
v -10.60284614562988 -1.055378437042236 2.644934892654419
v -10.60284614562988 1.133723020553589 -2.566590547561646
v -10.58960437774658 -0.270823746919632 -4.329997539520264
v -10.58960437774658 0.3491682708263397 4.408342361450195
v -10.45259475708008 -0.7286815047264099 4.314023017883301
v -10.45259475708008 0.8070260286331177 -4.235678672790527
v -10.30866146087647 -1.405155301094055 0.8490796685218811
v -10.30866146087647 1.483499884605408 -0.7707352042198181
v -10.21879196166992 -1.355054259300232 -2.566590547561646
v -10.21879196166992 1.433398723602295 2.644934892654419
v -10.19562339782715 -1.05538022518158 -4.241978645324707
v -10.19562339782715 1.133724808692932 4.320322990417481
v -9.979971885681152 -0.1627372950315476 5.963276386260986
v -9.979971885681152 0.2410818338394165 -5.884931564331055
v -9.918123245239258 -1.529942631721497 -0.8294147253036499
v -9.918123245239258 1.608287215232849 0.9077591896057129
v -9.879278182983398 -1.355050563812256 4.102545738220215
v -9.879278182983398 1.433395028114319 -4.024201393127441
v -9.848638534545898 -0.6309171319007874 -5.855592250823975
v -9.848638534545898 0.7092616558074951 5.933936595916748
v -9.648571014404297 -1.546641826629639 2.468896389007568
v -9.648571014404297 1.624986290931702 -2.390551805496216
v -9.568958282470703 -1.132498741149902 5.680335998535156
v -9.568958282470703 1.210843205451965 -5.601991653442383
v -9.442991256713867 -1.546641826629639 0.8016067743301392
v -9.442991256713867 1.624986290931702 -0.7232622504234314
v -9.270689010620117 -1.546639919281006 -3.971620559692383
v -9.270689010620117 1.624984502792358 4.049964904785156
v -9.174995422363281 -1.405153512954712 -5.513972759246826
v -9.174995422363281 1.483497977256775 5.5923171043396
v -9.161717414855957 -1.529940843582153 -2.390551805496216
v -9.161717414855957 1.608285307884216 2.468896389007568
v -9.070840835571289 5.593159198760986 2.324285268783569
v -8.962987899780273 -0.1627336293458939 -7.107934951782227
v -8.962987899780273 0.2410781681537628 7.186279296875
v -8.950167655944824 -0.6309189200401306 7.052327156066895
v -8.950167655944824 0.7092634439468384 -6.973982810974121
v -8.899620056152344 -1.529938936233521 5.280605316162109
v -8.899620056152344 1.608283519744873 -5.202260494232178
v -8.891726493835449 4.815179824829102 2.604276657104492
v -8.869656562805176 -1.529940843582153 3.773911476135254
v -8.869656562805176 1.608285307884216 -3.695566892623901
v -8.848101615905762 -1.355054259300232 -0.7707352042198181
v -8.848101615905762 1.433398723602295 0.8490796685218811
v -8.793377876281738 -1.405155301094055 2.326483011245728
v -8.793377876281738 1.483499884605408 -2.248138427734375
v -8.754715919494629 5.507978916168213 3.919568061828613
v -8.650543212890625 6.562800407409668 2.05489993095398
v -8.62574577331543 6.585473537445068 3.810924530029297
v -8.616826057434082 4.521068096160889 1.309323787689209
v -8.561553001403809 5.299212455749512 0.8970873355865479
v -8.551992416381836 -1.132498741149902 -6.824995040893555
v -8.551992416381836 1.210843205451965 6.903339385986328
v -8.513514518737793 -1.405153512954712 6.501482963562012
v -8.513514518737793 1.483497977256775 -6.423138618469238
v -8.473296165466309 -1.05538022518158 0.7653404474258423
v -8.473296165466309 1.133724808692932 -0.6869959235191345
v -8.453882217407227 -1.405153512954712 -3.705749750137329
v -8.453882217407227 1.483497977256775 3.784094095230103
v -8.424488067626953 -1.546639919281006 -5.096109867095947
v -8.424488067626953 1.624984502792358 5.174454689025879
v -8.389690399169922 -1.132500529289246 -2.248138427734375
v -8.389690399169922 1.210845112800598 2.326483011245728
v -8.375203132629395 4.755181789398193 3.8489089012146
v -8.231929779052734 -0.7286832928657532 -0.7232622504234314
v -8.231929779052734 0.8070278167724609 0.8016067743301392
v -8.121365547180176 -1.132502436637878 3.555181741714478
v -8.121365547180176 1.210847020149231 -3.476837396621704
v -8.120357513427734 6.262534618377686 5.298280239105225
v -8.118838310241699 3.851198196411133 1.951091527938843
v -8.115449905395508 -5.94267749786377 -0.270823746919632
v -8.113215446472168 4.228879451751709 2.894890546798706
v -8.077428817749023 7.243127346038818 3.598057508468628
v -8.069607734680176 -0.270823746919632 0.7653404474258423
v -8.069607734680176 0.3491682708263397 -0.6869959235191345
v -8.037283897399902 -0.6309207677841187 2.217676877975464
v -8.037283897399902 0.7092652916908264 -2.139332294464111
v -8.02292537689209 5.19377613067627 5.163355827331543
v -8.00114917755127 -1.529937148094177 -6.320669174194336
v -8.00114917755127 1.60828173160553 6.399013996124268
v -7.999006271362305 -7.53865385055542 0.3491664230823517
v -7.988365650177002 -6.049981594085693 0.8070278167724609
v -7.9719557762146 -1.355052351951599 4.764119148254395
v -7.9719557762146 1.433396935462952 -4.685774326324463
v -7.954740047454834 -1.546639919281006 5.914376735687256
v -7.954740047454834 1.624984502792358 -5.836031913757324
v -7.952982425689697 6.185595512390137 0.7143731713294983
v -7.921279907226563 7.054122447967529 1.982246398925781
v -7.90470552444458 -7.40166187286377 -0.7286832928657532
v -7.902709007263184 -0.1627354621887207 -2.139332294464111
v -7.902709007263184 0.2410799860954285 2.217676877975464
v -7.748683929443359 7.042728900909424 5.120391845703125
v -7.745223045349121 -0.6309171319007874 -3.444347381591797
v -7.745223045349121 0.7092616558074951 3.522691965103149
v -7.71359395980835 -5.90419864654541 -1.055378437042236
v -7.634383678436279 -0.1627391278743744 3.446393728256226
v -7.634383678436279 0.2410836666822434 -3.368049144744873
v -7.597168922424316 -7.500194072723389 1.133721113204956
v -7.597150325775147 -1.055376648902893 -4.602022171020508
v -7.597150325775147 1.133721113204956 4.68036699295044
v -7.550522327423096 3.872864484786987 -0.03598112240433693
v -7.53865385055542 -0.2708255648612976 8.077350616455078
v -7.53865385055542 0.3491700887680054 -7.999006271362305
v -7.523690700531006 4.574928760528565 4.808826446533203
v -7.504039764404297 3.19405722618103 0.7675400376319885
v -7.500194072723389 -1.05538022518158 7.67551326751709
v -7.500194072723389 1.133724808692932 -7.597168922424316
v -7.487208843231201 4.327081203460693 3.598953247070313
v -7.457228183746338 -4.175039291381836 0.2410836517810822
v -7.42695426940918 -0.7286851406097412 4.487735271453857
v -7.42695426940918 0.8070297241210938 -4.409390926361084
v -7.420177459716797 -6.151993274688721 1.433395028114319
v -7.411662101745606 3.75244665145874 2.378917455673218
v -7.40166187286377 -0.7286796569824219 -7.90470552444458
v -7.40166187286377 0.8070241808891296 7.983049869537354
v -7.379391670227051 -7.183848381042481 -1.355052351951599
v -7.323276042938232 -4.162219047546387 -0.6309171319007874
v -7.310474395751953 -1.355048775672913 -5.594940662384033
v -7.310474395751953 1.433393359184265 5.673285007476807
v -7.28622579574585 -1.546639919281006 6.777500629425049
v -7.28622579574585 1.624984502792358 -6.699155807495117
v -7.273863792419434 -1.055378437042236 5.290989398956299
v -7.273863792419434 1.133723020553589 -5.212644577026367
v -7.27325963973999 4.239355087280273 2.995290279388428
v -7.264633178710938 -0.2708218991756439 -4.373128414154053
v -7.264633178710938 0.3491664528846741 4.451472759246826
v -7.226850509643555 4.626137733459473 -0.3620425462722778
v -7.211631298065186 6.567763328552246 0.8874319791793823
v -7.183848381042481 -1.355048775672913 -7.379391670227051
v -7.183848381042481 1.433393359184265 7.457736492156982
v -7.13438081741333 5.59400224685669 6.516977310180664
v -7.119527816772461 3.0587317943573 1.493301630020142
v -7.109729290008545 7.480959415435791 3.280979633331299
v -7.107934951782227 -8.962987899780273 -0.1627373099327087
v -7.075994491577148 -4.496970653533936 1.210847020149231
v -7.044640064239502 -1.405153512954712 6.003842830657959
v -7.044640064239502 1.483497977256775 -5.925498485565186
v -6.973982810974121 -8.950167655944824 0.7092597484588623
v -6.957206726074219 -0.7286815047264099 -5.149294853210449
v -6.957206726074219 0.8070260286331177 5.227639675140381
v -6.941364765167236 -0.270823746919632 5.062077045440674
v -6.941364765167236 0.3491682708263397 -4.983732223510742
v -6.935046195983887 6.452913761138916 6.549247264862061
v -6.907886028289795 7.534364223480225 4.629692554473877
v -6.885212421417236 -1.529937148094177 -6.423084259033203
v -6.885212421417236 1.60828173160553 6.501428604125977
v -6.883033275604248 7.067088603973389 2.106363534927368
v -6.87545108795166 4.650549411773682 6.055654525756836
v -6.824994564056397 -8.551992416381836 -1.132502436637878
v -6.782816410064697 -5.934564113616943 -1.546641826629639
v -6.775417327880859 -0.6309171319007874 5.354522228240967
v -6.775417327880859 0.7092616558074951 -5.276177883148193
v -6.712122917175293 -1.132498741149902 -5.696586132049561
v -6.712122917175293 1.210843205451965 5.774930477142334
v -6.704320907592773 4.519474506378174 3.342422723770142
v -6.699155807495117 -7.28622579574585 1.624980807304382
v -6.67413854598999 -4.458510398864746 -1.405153512954712
v -6.664578437805176 -0.1627354621887207 -5.199861526489258
v -6.664578437805176 0.2410799860954285 5.278205871582031
v -6.622674942016602 4.40603494644165 4.234721183776856
v -6.53304386138916 5.453859806060791 -0.2106424272060394
v -6.495297908782959 4.224831581115723 2.592830419540405
v -6.443010330200195 -4.905584335327148 1.608285307884216
v -6.423138618469238 -8.513514518737793 1.483494281768799
v -6.423084259033203 -6.885212421417236 -1.529940843582153
v -6.410850048065186 -6.248675346374512 1.608279824256897
v -6.39696741104126 3.466924428939819 2.141305685043335
v -6.391326427459717 7.134613990783691 3.078769445419312
v -6.371840000152588 4.846643924713135 2.905494689941406
v -6.337518692016602 6.44569730758667 1.416265606880188
v -6.337207317352295 4.274445533752441 5.484080314636231
v -6.320669174194336 -8.00114917755127 -1.529940843582153
v -6.277483940124512 7.227265357971191 6.15250301361084
v -6.273235321044922 -1.132500529289246 5.73619556427002
v -6.273235321044922 1.210845112800598 -5.657851219177246
v -6.253199100494385 6.59274435043335 2.341466188430786
v -6.248675346374512 -1.529938936233521 6.489194393157959
v -6.248675346374512 1.608283519744873 -6.410850048065186
v -6.225690841674805 -0.1627354621887207 5.239470481872559
v -6.225690841674805 0.2410799860954285 -5.161126136779785
v -6.178952217102051 7.397699356079102 4.165238380432129
v -6.151993274688721 -1.355054259300232 7.498522281646729
v -6.151993274688721 1.433398723602295 -7.420177459716797
v -6.138862133026123 -0.6309189200401306 -5.263943672180176
v -6.138862133026123 0.7092634439468384 5.342288017272949
v -6.077124118804932 -2.458626508712769 -0.1627354770898819
v -6.057783603668213 2.27337121963501 -0.1850772798061371
v -6.049981594085693 -0.7286869883537293 8.066710472106934
v -6.049981594085693 0.807031512260437 -7.988365650177002
v -6.031814098358154 5.631106853485107 2.687552452087402
v -6.026557445526123 5.332397937774658 3.079319000244141
v -6.0127854347229 -1.405151605606079 -5.96626615524292
v -6.0127854347229 1.483496189117432 6.044610500335693
v -6.006375312805176 -2.573091983795166 0.7092652916908264
v -6.002968311309815 4.941934108734131 2.445014238357544
v -5.96626615524292 -6.0127854347229 -1.405155301094055
v -5.961138248443604 2.043707847595215 0.6561753153800964
v -5.958373069763184 -4.859176158905029 -1.546639919281006
v -5.948482990264893 5.784088134765625 0.313603401184082
v -5.94267749786377 -0.2708200514316559 -8.115449905395508
v -5.94267749786377 0.3491645753383637 8.193794250488281
v -5.94245719909668 4.803751468658447 3.837737083435059
v -5.935937881469727 4.845415115356445 7.466016292572022
v -5.934618949890137 5.903754234313965 1.935452938079834
v -5.934564113616943 -1.546638131141663 -6.782816410064697
v -5.934564113616943 1.624982595443726 6.861161231994629
v -5.925498485565186 -7.044640064239502 1.483494281768799
v -5.922219753265381 6.204111576080322 2.991427898406982
v -5.90419864654541 -1.05537474155426 -7.71359395980835
v -5.90419864654541 1.133719325065613 7.791938304901123
v -5.884931564331055 -9.979971885681152 0.2410781532526016
v -5.88299036026001 5.685206413269043 7.723316192626953
v -5.855592250823975 -9.848638534545898 -0.6309207677841187
v -5.836031913757324 -7.954740047454834 1.624980807304382
v -5.835666179656982 4.136556148529053 2.263792753219605
v -5.781839847564697 3.014758586883545 -0.9358216524124146
v -5.696586132049561 -6.712122917175293 -1.132502436637878
v -5.695889949798584 -2.780558347702026 -1.132500648498535
v -5.657851219177246 -6.273235321044922 1.210841536521912
v -5.640543460845947 -0.7286815047264099 5.111434459686279
v -5.640543460845947 0.8070260286331177 -5.033090114593506
v -5.624683380126953 -0.270823746919632 -4.867527484893799
v -5.624683380126953 0.3491682708263397 4.945871829986572
v -5.616057395935059 7.382003784179688 5.600872039794922
v -5.601991653442383 -9.568958282470703 1.210841536521912
v -5.594940662384033 -7.310474395751953 -1.355052351951599
v -5.561864852905273 6.632779598236084 3.727026224136353
v -5.55825662612915 -5.400844097137451 1.433393239974976
v -5.554319381713867 4.121005058288574 6.752887725830078
v -5.519613742828369 4.465721607208252 4.802212715148926
v -5.513972282409668 -9.174995422363281 -1.405155301094055
v -5.491885185241699 2.325768947601318 1.587934374809265
v -5.483662128448486 -3.123954296112061 1.483499884605408
v -5.483039379119873 5.76813554763794 3.617855548858643
v -5.473186492919922 5.616821765899658 1.210691332817078
v -5.435586929321289 5.067662715911865 1.860753774642944
v -5.400844097137451 -1.355050563812256 5.636601448059082
v -5.400844097137451 1.433395028114319 -5.55825662612915
v -5.395478248596191 6.640378475189209 7.524803161621094
v -5.364233493804932 -1.055378437042236 -5.175942420959473
v -5.364233493804932 1.133723020553589 5.254286766052246
v -5.323978424072266 3.755597114562988 -1.077308177947998
v -5.276177883148193 -6.775417327880859 0.7092597484588623
v -5.263943672180176 -6.138862133026123 -0.6309207677841187
v -5.212644577026367 -7.273863792419434 1.133721113204956
v -5.202260494232178 -8.899620056152344 1.608279824256897
v -5.199861526489258 -6.664578437805176 -0.1627373099327087
v -5.175942420959473 -5.364233493804932 -1.05538022518158
v -5.161126136779785 -6.225690841674805 0.2410781532526016
v -5.149294853210449 -6.957206726074219 -0.7286832928657532
v -5.126108646392822 -3.316457509994507 -1.529940843582153
v -5.096109867095947 -8.424488067626953 -1.546641826629639
v -5.033090114593506 -5.640543460845947 0.8070260286331177
v -5.001808643341065 4.012510299682617 6.076697826385498
v -4.987633228302002 5.092185974121094 4.481235980987549
v -4.983732223510742 -6.941364765167236 0.3491664230823517
v -4.974300861358643 2.924669981002808 1.966365814208984
v -4.950729846954346 6.917129993438721 4.894354820251465
v -4.905584335327148 -1.529942631721497 6.521354675292969
v -4.905584335327148 1.608287215232849 -6.443010330200195
v -4.870164394378662 -3.730584144592285 1.624986290931702
v -4.867527484893799 -5.624683380126953 -0.2708255648612976
v -4.859176158905029 -1.546638131141663 -5.958373069763184
v -4.859176158905029 1.624982595443726 6.036717414855957
v -4.810239791870117 7.050915241241455 7.007641792297363
v -4.741267204284668 6.153856754302979 4.521142959594727
v -4.685774326324463 -7.9719557762146 1.433395028114319
v -4.684199333190918 4.495867252349854 -0.6095349788665772
v -4.653449535369873 -0.2708218991756439 3.935792684555054
v -4.653449535369873 0.3491664528846741 -3.857448101043701
v -4.602022171020508 -7.597150325775147 -1.055378437042236
v -4.592517375946045 4.739630699157715 8.642589569091797
v -4.525083541870117 4.016795635223389 8.145406723022461
v -4.511951923370361 -0.7286851406097412 -3.944881439208984
v -4.511951923370361 0.8070297241210938 4.023225784301758
v -4.496970653533936 -1.132504343986511 7.154338836669922
v -4.496970653533936 1.210848808288574 -7.075994491577148
v -4.458510398864746 -1.405151605606079 -6.67413854598999
v -4.458510398864746 1.483496189117432 6.752482891082764
v -4.409390926361084 -7.42695426940918 0.8070278167724609
v -4.408365726470947 3.840392827987671 1.791483044624329
v -4.39298152923584 -1.055378437042236 4.244208335876465
v -4.39298152923584 1.133723020553589 -4.165863990783691
v -4.373128414154053 -7.264633178710938 -0.270823746919632
v -4.367780685424805 -4.066287994384766 -1.355054259300232
v -4.329997539520264 -10.58960437774658 -0.2708255648612976
v -4.304577350616455 4.72406530380249 0.1442752629518509
v -4.278424263000488 4.519967079162598 5.437451839447022
v -4.261831283569336 5.773683547973633 8.746615409851074
v -4.241978645324707 -10.19562339782715 -1.055382132530212
v -4.235678672790527 -10.45259475708008 0.8070241808891296
v -4.185111999511719 4.440191268920898 1.184118866920471
v -4.175039291381836 -0.1627409607172012 7.53557300567627
v -4.175039291381836 0.241085484623909 -7.457228183746338
v -4.165863990783691 -4.39298152923584 1.133723020553589
v -4.162219047546387 -0.6309152841567993 -7.323276042938232
v -4.162219047546387 0.7092598080635071 7.401620388031006
v -4.127311706542969 6.916818618774414 6.171843528747559
v -4.066287994384766 -1.355054259300232 -4.367780685424805
v -4.066287994384766 1.433398723602295 4.446125030517578
v -4.059511661529541 3.605141639709473 7.255031585693359
v -4.024201393127441 -9.879278182983398 1.433393239974976
v -3.975155353546143 -0.7934267520904541 0.3491682708263397
v -3.971620559692383 -9.270689010620117 -1.546641826629639
v -3.944881439208984 -4.511951923370361 -0.728685200214386
v -3.936493396759033 0.7073495984077454 -0.1324580162763596
v -3.884003877639771 5.292710781097412 5.27685022354126
v -3.857448101043701 -4.653449535369873 0.3491664230823517
v -3.848071098327637 -0.9007402658462524 -0.7286832928657532
v -3.818566560745239 6.330754280090332 5.59489917755127
v -3.780069828033447 0.8013723492622376 0.9327254891395569
v -3.780051469802856 1.089143753051758 -0.9067658185958862
v -3.762927293777466 -1.136821031570435 1.133724689483643
v -3.761516809463501 6.404414653778076 8.385584831237793
v -3.730584144592285 -1.546641826629639 4.948508739471436
v -3.730584144592285 1.624986290931702 -4.870164394378662
v -3.705749750137329 -8.453882217407227 -1.405155301094055
v -3.695566892623901 -8.869656562805176 1.608283519744873
v -3.517513751983643 3.78912878036499 6.586718559265137
v -3.476837158203125 -8.121365547180176 1.210845112800598
v -3.469492912292481 -1.384610176086426 -1.355054259300232
v -3.444347381591797 -7.745223045349121 -0.6309189200401306
v -3.418890237808228 1.306245088577271 1.552759528160095
v -3.368049144744873 -7.634383678436279 0.2410818189382553
v -3.316457509994507 -1.529940843582153 -5.126108646392822
v -3.316457509994507 1.608285307884216 5.204453468322754
v -3.311933755874634 -0.1627372950315476 -2.130889415740967
v -3.311933755874634 0.2410818338394165 2.209233999252319
v -3.310780048370361 1.946751117706299 -1.39019787311554
v -3.225434541702271 3.79433012008667 9.262042045593262
v -3.225123167037964 -0.6309189200401306 2.31203293800354
v -3.225123167037964 0.7092634439468384 -2.233688354492188
v -3.211387395858765 -1.930932283401489 1.624986290931702
v -3.123954296112061 -1.405157089233398 5.56200647354126
v -3.123954296112061 1.483501553535461 -5.483662128448486
v -3.091574192047119 6.63184404373169 7.55949068069458
v -3.067087650299072 3.261690855026245 8.581677436828613
v -3.026210069656372 4.783365726470947 9.668291091918945
v -2.899070978164673 4.568756580352783 6.140450477600098
v -2.887478113174439 -1.132502436637878 -2.39322566986084
v -2.887478113174439 1.210847020149231 2.471570253372192
v -2.852955102920532 2.221962690353394 1.72764790058136
v -2.85291862487793 2.687589168548584 -1.248711347579956
v -2.839421033859253 -2.245043516159058 -1.529942631721497
v -2.780558347702026 -1.132498741149902 -5.695889949798584
v -2.780558347702026 1.210843205451965 5.774234294891357
v -2.714919090270996 6.298813819885254 6.839165210723877
v -2.701641321182251 -2.627028226852417 1.483499884605408
v -2.654609680175781 -10.99680805206299 0.3491645753383637
v -2.654609680175781 -10.83049488067627 -0.7286869883537293
v -2.631551742553711 5.405326843261719 6.224607467651367
v -2.627028226852417 -1.405155301094055 2.779985904693604
v -2.627028226852417 1.483499884605408 -2.701641321182251
v -2.607047080993652 5.545430183410645 9.519742012023926
v -2.573091983795166 -0.6309225559234619 6.084719657897949
v -2.573091983795166 0.7092670798301697 -6.006375312805176
v -2.566590547561646 -10.60284614562988 1.133721113204956
v -2.566590547561646 -10.21879196166992 -1.355056047439575
v -2.551132917404175 3.185502529144287 7.627236366271973
v -2.473296642303467 2.9157874584198 1.336544632911682
v -2.458626508712769 -0.1627336293458939 -6.077124118804932
v -2.458626508712769 0.2410781681537628 6.155468463897705
v -2.406467199325562 3.311654329299927 -0.4823044240474701
v -2.39322566986084 -2.887478113174439 -1.132502436637878
v -2.390551805496216 -9.648571014404297 1.624984502792358
v -2.390551805496216 -9.161717414855957 -1.529942631721497
v -2.279932498931885 3.387714147567749 0.3794475197792053
v -2.248138427734375 -8.793377876281738 1.483497977256775
v -2.248138427734375 -8.389690399169922 -1.132502436637878
v -2.245043516159058 -1.529942631721497 -2.839421033859253
v -2.245043516159058 1.608287215232849 2.917765378952026
v -2.233688354492188 -3.225123167037964 0.7092634439468384
v -2.139332294464111 -8.037283897399902 0.7092634439468384
v -2.139332294464111 -7.902709007263184 -0.1627373099327087
v -2.130889415740967 -3.311933755874634 -0.1627373099327087
v -2.034115791320801 3.618383169174194 7.058206081390381
v -1.967982292175293 6.080505847930908 8.81639575958252
v -1.930932283401489 -1.546641826629639 3.289731979370117
v -1.930932283401489 1.624986290931702 -3.211387395858765
v -1.781744480133057 2.849267482757568 9.581646919250488
v -1.688582420349121 3.669443845748901 10.28988552093506
v -1.56195080280304 2.580154895782471 8.774839401245117
v -1.550566554069519 6.018858909606934 8.04423999786377
v -1.546641826629639 0.8016086220741272 -9.442991256713867
v -1.546641826629639 2.468898057937622 -9.648571014404297
v -1.546641826629639 3.289731979370117 -1.930932283401489
v -1.546641826629639 4.948508739471436 -3.730584144592285
v -1.546639919281006 -6.782816410064697 -5.934566020965576
v -1.546639919281006 -5.958373069763184 -4.859177589416504
v -1.546639919281006 -5.096108436584473 -8.424489974975586
v -1.546639919281006 -3.971618890762329 -9.27069091796875
v -1.546638131141663 5.914378643035889 -7.954740047454834
v -1.546638131141663 6.777502059936523 -7.286223888397217
v -1.529942631721497 -2.839421033859253 -2.245043516159058
v -1.529942631721497 -0.8294128179550171 -9.918123245239258
v -1.529940843582153 -5.126108646392822 -3.316457509994507
v -1.529940843582153 -2.390549898147583 -9.161717414855957
v -1.529940843582153 3.773913145065308 -8.869655609130859
v -1.529940843582153 6.521356582641602 -4.905582904815674
v -1.529938936233521 -6.423081874847412 -6.885212421417236
v -1.529938936233521 -6.320667743682861 -8.001151084899902
v -1.529937148094177 5.280606746673584 -8.899620056152344
v -1.529937148094177 6.489196300506592 -6.248675346374512
v -1.516008973121643 4.56033182144165 6.874603748321533
v -1.433255076408386 3.229861974716187 2.204453706741333
v -1.405155301094055 0.8490815162658691 -10.30866146087647
v -1.405155301094055 2.32648491859436 -8.793377876281738
v -1.405155301094055 2.779985904693604 -2.627028226852417
v -1.405155301094055 5.56200647354126 -3.123954296112061
v -1.405153512954712 -6.67413854598999 -4.458512306213379
v -1.405153512954712 -5.966264247894287 -6.012786865234375
v -1.405153512954712 -5.513970851898193 -9.174995422363281
v -1.405153512954712 -3.705747842788696 -8.453884124755859
v -1.405151605606079 6.003844738006592 -7.044640064239502
v -1.405151605606079 6.501485347747803 -8.51351261138916
v -1.39019787311554 -3.310780048370361 1.946751117706299
v -1.384610176086426 -1.355054259300232 -3.46949315071106
v -1.384610176086426 1.433398723602295 3.547837495803833
v -1.355054259300232 -4.367780685424805 -4.066289901733398
v -1.355054259300232 -3.469492912292481 -1.384610176086426
v -1.355054259300232 -2.566588401794434 -10.21879196166992
v -1.355054259300232 -0.7707332968711853 -8.848101615905762
v -1.355052351951599 4.764121055603027 -7.971953868865967
v -1.355052351951599 7.498522281646729 -6.151991844177246
v -1.355050563812256 -7.379391670227051 -7.183850288391113
v -1.355050563812256 -5.5949387550354 -7.310476303100586
v -1.355050563812256 4.102548122406006 -9.879276275634766
v -1.355050563812256 5.636601448059082 -5.400844097137451
v -1.354827165603638 5.360490798950195 7.203276634216309
v -1.346840143203735 4.473942756652832 10.41017532348633
v -1.263205409049988 3.74834418296814 1.267226219177246
v -1.25439441204071 5.805936813354492 2.807605743408203
v -1.248711347579956 -2.85291862487793 2.687589168548584
v -1.136822819709778 1.133724808692932 -3.762927293777466
v -1.136821031570435 -1.05538022518158 3.841271877288818
v -1.132502436637878 -2.39322566986084 -2.887478113174439
v -1.132502436637878 -0.8587526082992554 -10.70262336730957
v -1.132502436637878 3.55518364906311 -8.121365547180176
v -1.132502436637878 7.154338836669922 -4.496969223022461
v -1.132500529289246 -6.824992656707764 -8.551992416381836
v -1.132500529289246 -5.696584224700928 -6.712124347686768
v -1.132500529289246 -5.695889949798584 -2.78056001663208
v -1.132500529289246 -2.248136758804321 -8.389690399169922
v -1.132498741149902 5.680338382720947 -9.568958282470703
v -1.132498741149902 5.736197471618652 -6.273235321044922
v -1.077308177947998 -5.323978424072266 3.755597114562988
v -1.06499171257019 5.382396697998047 3.787848472595215
v -1.05538022518158 -5.17594051361084 -5.364235401153565
v -1.05538022518158 -4.241976737976074 -10.19562339782715
v -1.05538022518158 0.7653423547744751 -8.473296165466309
v -1.05538022518158 3.841271877288818 -1.136821031570435
v -1.055378437042236 2.644936800003052 -10.60284614562988
v -1.055378437042236 4.244210243225098 -4.39298152923584
v -1.055378437042236 5.290990829467773 -7.273863792419434
v -1.055378437042236 7.67551326751709 -7.500194072723389
v -1.055376648902893 -7.71359395980835 -5.904200553894043
v -1.055376648902893 -4.602020740509033 -7.597150325775147
v -1.035814881324768 2.815717220306397 2.874543190002441
v -1.029205322265625 2.862087488174439 7.869499683380127
v -0.9358216524124146 -5.781839847564697 3.014758586883545
v -0.9067658185958862 -3.780051469802856 1.089143633842468
v -0.9007402658462524 -0.7286832928657532 -3.848071098327637
v -0.9007402658462524 0.8070278167724609 3.926415681838989
v -0.875959038734436 6.033695220947266 2.053066492080689
v -0.8587544560432434 -11.2016191482544 -0.1627391427755356
v -0.8587544560432434 -10.70262336730957 -1.132504343986511
v -0.8393594026565552 7.628646850585938 3.807868003845215
v -0.8294146656990051 -11.07028579711914 0.7092616558074951
v -0.8294146656990051 -9.918123245239258 -1.529944539070129
v -0.7934267520904541 -0.270823746919632 4.053499698638916
v -0.7934267520904541 0.3491682708263397 -3.975155353546143
v -0.7707351446151733 -10.30866146087647 1.483497977256775
v -0.7707351446151733 -8.848101615905762 -1.355056047439575
v -0.760988175868988 7.765527248382568 2.970787525177002
v -0.7565176486968994 5.262783527374268 9.942551612854004
v -0.7286851406097412 -3.944879531860352 -4.511951923370361
v -0.7286851406097412 -2.654607772827148 -10.83049488067627
v -0.7286851406097412 4.487737655639648 -7.42695426940918
v -0.7286851406097412 8.066712379455566 -6.049980163574219
v -0.7286832928657532 -3.848071098327637 -0.9007402658462524
v -0.7286832928657532 -0.7232604622840881 -8.231929779052734
v -0.7286815047264099 -7.90470552444458 -7.40166187286377
v -0.7286815047264099 -5.149293422698975 -6.957206726074219
v -0.7286815047264099 4.314024925231934 -10.45259475708008
v -0.7286815047264099 5.111436367034912 -5.640542030334473
v -0.7232622504234314 -9.442991256713867 1.624984502792358
v -0.7232622504234314 -8.231929779052734 -0.728685200214386
v -0.6869959235191345 -8.473296165466309 1.133723020553589
v -0.6869959235191345 -8.069607734680176 0.3491664230823517
v -0.6431694626808167 4.012896537780762 0.7104703783988953
v -0.6309207677841187 2.217678785324097 -8.037283897399902
v -0.6309207677841187 6.084719657897949 -2.573090314865112
v -0.6309189200401306 -5.855590343475342 -9.848640441894531
v -0.6309189200401306 -5.263943672180176 -6.138863563537598
v -0.6309189200401306 0.9077610373497009 -11.07028579711914
v -0.6309189200401306 2.31203293800354 -3.225123167037964
v -0.6309171319007874 -7.323276042938232 -4.16222095489502
v -0.6309171319007874 -3.444345474243164 -7.745224952697754
v -0.6309171319007874 5.3545241355896 -6.775417327880859
v -0.6309171319007874 7.052329540252686 -8.950165748596191
v -0.6095349788665772 -4.684201240539551 4.495865345001221
v -0.5516228079795837 3.50027322769165 7.491180419921875
v -0.4823044240474701 -2.406467199325562 3.311654329299927
v -0.4769236147403717 2.07006049156189 9.598842620849609
v -0.4386225938796997 5.055703639984131 4.316458702087402
v -0.4355915784835815 2.614787578582764 10.52592086791992
v -0.3620425462722778 -7.226852416992188 4.626136302947998
v -0.3335800468921661 7.259132385253906 4.700661182403565
v -0.3255161941051483 5.490871429443359 9.210102081298828
v -0.2982587814331055 9.208449363708496 3.463611364364624
v -0.270823746919632 -4.867527484893799 -5.624685287475586
v -0.270823746919632 -4.329996109008789 -10.58960628509522
v -0.270823746919632 0.7653423547744751 -8.069607734680176
v -0.270823746919632 4.053499698638916 -0.7934267520904541
v -0.270823746919632 5.062078475952148 -6.941364765167236
v -0.270823746919632 8.077350616455078 -7.538652420043945
v -0.2708218991756439 -8.115447998046875 -5.942679405212402
v -0.2708218991756439 -4.37312650680542 -7.264633178710938
v -0.2708218991756439 2.732955932617188 -10.99680614471436
v -0.2708218991756439 3.935792684555054 -4.653449535369873
v -0.2239167243242264 2.085041761398315 8.76126766204834
v -0.2106424123048782 -6.533027648925781 5.453859806060791
v -0.1850772649049759 -6.057783603668213 2.273369312286377
v -0.1627391278743744 3.446395635604858 -7.634381771087647
v -0.1627391278743744 7.535574436187744 -4.175037384033203
v -0.1627372950315476 -2.130889415740967 -3.311933755874634
v -0.1627372950315476 -0.8587526082992554 -11.2016191482544
v -0.1627354621887207 -7.107933044433594 -8.962987899780273
v -0.1627354621887207 -6.077124118804932 -2.458628654479981
v -0.1627354621887207 -5.199859619140625 -6.664580345153809
v -0.1627354621887207 -2.139330625534058 -7.902709007263184
v -0.1627354621887207 5.239470481872559 -6.225690841674805
v -0.1627354621887207 5.963278293609619 -9.979971885681152
v -0.1324580013751984 -3.936493396759033 0.7073495984077454
v -0.1292071789503098 4.494693279266357 7.639873027801514
v -0.1284801065921783 3.342842102050781 10.90191841125488
v -0.09846819937229157 7.669799327850342 2.189401149749756
v -0.0795072466135025 8.836045265197754 2.529738903045654
v -0.0708884671330452 2.505928039550781 3.277498006820679
v -0.05383770540356636 5.158226013183594 8.212841033935547
v -0.03598110750317574 -7.55052375793457 3.872862577438355
v -0.01809704303741455 9.216473579406738 4.267982006072998
v 0.0703178346157074 6.065617561340332 1.52422559261322
v 0.1442734450101852 -4.304577350616455 4.724063396453857
v 0.2410799860954285 -5.88493013381958 -9.979972839355469
v 0.2410799860954285 -5.161124229431152 -6.225692749023438
v 0.2410799860954285 2.217678785324097 -7.902709007263184
v 0.2410799860954285 5.278207778930664 -6.664578437805176
v 0.2410799860954285 6.155468463897705 -2.458624839782715
v 0.2410799860954285 7.186281204223633 -8.962985992431641
v 0.2410818338394165 0.9371007680892944 -11.2016191482544
v 0.2410818338394165 2.209233999252319 -3.311933755874634
v 0.2410836666822434 -7.457228183746338 -4.175041198730469
v 0.2410836666822434 -3.368047475814819 -7.634383678436279
v 0.3136016130447388 -5.948484897613525 5.784088134765625
v 0.3234309554100037 2.659731149673462 8.013232231140137
v 0.3366704881191254 9.824769973754883 2.433990716934204
v 0.3491664528846741 -3.857448101043701 -4.653449535369873
v 0.3491664528846741 -2.654607772827148 -10.99680805206299
v 0.3491664528846741 4.451474666595459 -7.264631271362305
v 0.3491664528846741 8.193794250488281 -5.942675590515137
v 0.3491682708263397 -7.999004364013672 -7.53865385055542
v 0.3491682708263397 -4.983730792999268 -6.941366672515869
v 0.3491682708263397 -3.975155353546143 -0.7934267520904541
v 0.3491682708263397 -0.6869941353797913 -8.069607734680176
v 0.3491682708263397 4.408344268798828 -10.5896053314209
v 0.3491682708263397 4.945873737335205 -5.624683380126953
v 0.3794475495815277 -2.279932498931885 3.387714147567749
v 0.4068624675273895 6.912331581115723 5.032244205474854
v 0.42685267329216 4.023537158966065 0.5341900587081909
v 0.4444125890731812 4.254188060760498 10.72684860229492
v 0.4870046973228455 8.356609344482422 2.111656427383423
v 0.5341900587081909 0.42685267329216 4.023537158966065
v 0.5635847449302673 10.29504871368408 3.340025186538696
v 0.5694160461425781 9.198762893676758 1.953492760658264
v 0.6247129440307617 4.825857162475586 4.393417835235596
v 0.6561753749847412 -5.961138248443604 2.043706178665161
v 0.6890241503715515 1.456698417663574 9.313632011413574
v 0.6904087066650391 7.407573223114014 2.003656148910523
v 0.7073495984077454 -0.1324580013751984 -3.936493396759033
v 0.7092616558074951 -6.973980903625488 -8.950167655944824
v 0.7092616558074951 -5.276175498962402 -6.775419235229492
v 0.7092616558074951 3.522693634033203 -7.745223045349121
v 0.7092616558074951 7.401620864868164 -4.162217140197754
v 0.7092634439468384 -2.233688354492188 -3.225123167037964
v 0.7092634439468384 -0.8294128179550171 -11.07028579711914
v 0.7092634439468384 5.342289924621582 -6.138862133026123
v 0.7092634439468384 5.933938503265381 -9.848638534545898
v 0.7092652916908264 -6.006375312805176 -2.573093891143799
v 0.7092652916908264 -2.139330625534058 -8.037283897399902
v 0.7104722261428833 -0.6431694626808167 4.012896537780762
v 0.7143713235855103 -7.952983856201172 6.185594081878662
v 0.7327682375907898 1.619437098503113 10.37642002105713
v 0.7609779834747315 8.860111236572266 4.942888259887695
v 0.7653404474258423 -8.473296165466309 -1.055382132530212
v 0.7653404474258423 -8.069607734680176 -0.2708255648612976
v 0.7675400376319885 -7.50404167175293 3.194055557250977
v 0.7869094610214233 3.397034645080566 7.871587753295898
v 0.7947773337364197 2.514536142349243 3.134883165359497
v 0.8013723492622376 0.9327254891395569 -3.780069828033447
v 0.8016067743301392 -9.442991256713867 -1.546643614768982
v 0.8016067743301392 -8.231929779052734 0.8070260286331177
v 0.8070260286331177 -5.033090114593506 -5.640543460845947
v 0.8070260286331177 -4.235676765441895 -10.4525957107544
v 0.8070260286331177 5.227641105651856 -6.957204818725586
v 0.8070260286331177 7.983051776885986 -7.401659965515137
v 0.8070278167724609 0.8016086220741272 -8.231929779052734
v 0.8070278167724609 3.926415681838989 -0.9007402658462524
v 0.8070297241210938 -7.988365650177002 -6.049983501434326
v 0.8070297241210938 -4.409389019012451 -7.426956176757813
v 0.8070297241210938 2.732955932617188 -10.83049297332764
v 0.8070297241210938 4.023225784301758 -4.511951923370361
v 0.8490797281265259 -10.30866146087647 -1.405157089233398
v 0.8490797281265259 -8.848101615905762 1.433396935462952
v 0.8601874113082886 1.207495450973511 3.772922515869141
v 0.8872268795967102 4.719137191772461 10.12166500091553
v 0.8874301314353943 -7.211631298065186 6.567761421203613
v 0.8970873951911926 -8.561553001403809 5.299210548400879
v 0.9077592492103577 -11.07028579711914 -0.6309207677841187
v 0.9077592492103577 -9.918123245239258 1.608285307884216
v 0.9305735230445862 5.87968921661377 1.586498379707336
v 0.9327254891395569 -3.780069828033447 0.8013723492622376
v 0.9370989799499512 -11.2016191482544 0.2410799860954285
v 0.9370989799499512 -10.70262336730957 1.210845112800598
v 0.9376465678215027 9.93403434753418 1.529130220413208
v 0.9470254182815552 1.776353478431702 8.540981292724609
v 1.048031449317932 2.152109384536743 10.99497222900391
v 1.089143753051758 -0.9067658185958862 -3.780051469802856
v 1.093363404273987 10.28466415405273 4.045516490936279
v 1.133721113204956 4.680368900299072 -7.597148895263672
v 1.133721113204956 7.791938304901123 -5.904196739196777
v 1.133723020553589 -7.597167015075684 -7.500195503234863
v 1.133723020553589 -5.212643146514893 -7.273865699768066
v 1.133723020553589 -4.165863990783691 -4.392983436584473
v 1.133723020553589 -2.566588401794434 -10.60284614562988
v 1.133724808692932 -3.762927293777466 -1.136822819709778
v 1.133724808692932 -0.6869941353797913 -8.473296165466309
v 1.133724808692932 4.320324897766113 -10.19562149047852
v 1.133724808692932 5.254286766052246 -5.364233493804932
v 1.150063157081604 10.63593482971191 1.902193903923035
v 1.16652238368988 4.296952247619629 8.336353302001953
v 1.184117078781128 -4.185111999511719 4.440189361572266
v 1.187289118766785 8.919705390930176 1.480831384658814
v 1.199960827827454 4.737652778625488 9.086385726928711
v 1.207495450973511 3.772922515869141 0.8601873517036438
v 1.210691332817078 -5.473186492919922 5.616821765899658
v 1.210843205451965 -5.657851219177246 -6.273236751556397
v 1.210843205451965 -5.60198974609375 -9.568960189819336
v 1.210845112800598 2.32648491859436 -8.389690399169922
v 1.210845112800598 5.774234294891357 -2.780558347702026
v 1.210845112800598 5.774932384490967 -6.712122917175293
v 1.210845112800598 6.903341293334961 -8.55199146270752
v 1.210847020149231 -7.075994491577148 -4.496972560882568
v 1.210847020149231 -3.476835250854492 -8.121367454528809
v 1.210847020149231 0.9371007680892944 -10.70262336730957
v 1.210847020149231 2.471570253372192 -2.887478113174439
v 1.261821627616882 8.41702938079834 1.898494362831116
v 1.267226219177246 -1.263205409049988 3.74834418296814
v 1.306245088577271 1.552759528160095 -3.418890237808228
v 1.309325695037842 -8.616826057434082 4.521084308624268
v 1.336542725563049 -2.473296642303467 2.9157874584198
v 1.381968140602112 6.588220596313477 4.802652835845947
v 1.390266418457031 4.851698875427246 3.965571880340576
v 1.401275277137756 7.770107746124268 2.209400653839111
v 1.416263699531555 -6.337520599365234 6.44569730758667
v 1.433395028114319 -5.558255195617676 -5.400844097137451
v 1.433395028114319 -4.024199485778809 -9.879278182983398
v 1.433395028114319 5.67328691482544 -7.310474395751953
v 1.433395028114319 7.457737922668457 -7.18384599685669
v 1.433396935462952 -7.420176029205322 -6.151995182037354
v 1.433396935462952 -4.685772895812988 -7.9719557762146
v 1.433398723602295 0.8490815162658691 -8.848101615905762
v 1.433398723602295 2.644936800003052 -10.21879196166992
v 1.433398723602295 3.547837495803833 -1.384610176086426
v 1.433398723602295 4.446126937866211 -4.066287994384766
v 1.456700325012207 9.313632011413574 0.6890259981155396
v 1.480829477310181 1.187287211418152 8.919705390930176
v 1.483496189117432 -6.423136711120606 -8.513514518737793
v 1.483496189117432 -5.925496578216553 -7.044641971588135
v 1.483497977256775 3.784096002578735 -8.453882217407227
v 1.483497977256775 5.592319011688232 -9.174993515014648
v 1.483497977256775 6.044610977172852 -6.0127854347229
v 1.483497977256775 6.752484798431397 -4.458508968353272
v 1.483499884605408 -5.483662128448486 -3.123955965042114
v 1.483499884605408 -2.701641321182251 -2.627028226852417
v 1.483499884605408 -2.248136758804321 -8.793377876281738
v 1.483499884605408 -0.7707332968711853 -10.30866146087647
v 1.493301630020142 -7.119527816772461 3.058729887008667
v 1.500636696815491 8.3856201171875 5.021951675415039
v 1.506772041320801 2.578396558761597 8.058450698852539
v 1.524223804473877 0.07031600177288055 6.065617561340332
v 1.529126524925232 0.9376447200775147 9.93403434753418
v 1.552759528160095 -3.418890237808228 1.306245088577271
v 1.561184287071228 2.841558933258057 2.446699380874634
v 1.586496710777283 0.9305717349052429 5.87968921661377
v 1.587934374809265 -5.491885185241699 2.325768947601318
v 1.605648040771484 6.978904724121094 2.413533449172974
v 1.60828173160553 -6.410850048065186 -6.248675346374512
v 1.60828173160553 -5.202258586883545 -8.899621963500977
v 1.608283519744873 6.399015426635742 -8.00114917755127
v 1.608283519744873 6.501430511474609 -6.885210514068604
v 1.608285307884216 -6.443010330200195 -4.905584335327148
v 1.608285307884216 -3.69556474685669 -8.869657516479492
v 1.608285307884216 2.468898057937622 -9.161717414855957
v 1.608285307884216 5.204453468322754 -3.316455602645874
v 1.608287215232849 0.9077610373497009 -9.918123245239258
v 1.608287215232849 2.917765378952026 -2.245043516159058
v 1.619438767433167 10.37642002105713 0.7327718734741211
v 1.624982595443726 -6.699154376983643 -7.286227703094482
v 1.624982595443726 -5.83603048324585 -7.954740047454834
v 1.624984502792358 4.049966812133789 -9.270689010620117
v 1.624984502792358 5.174456119537354 -8.424488067626953
v 1.624984502792358 6.036717414855957 -4.859176158905029
v 1.624984502792358 6.861162662506104 -5.934562206268311
v 1.624986290931702 -4.870164394378662 -3.730585813522339
v 1.624986290931702 -3.211387395858765 -1.930932283401489
v 1.624986290931702 -2.390549898147583 -9.648571014404297
v 1.624986290931702 -0.7232604622840881 -9.442991256713867
v 1.634815692901611 3.054737329483032 11.16928863525391
v 1.68846607208252 1.69875693321228 3.261014699935913
v 1.69875693321228 3.261014938354492 1.68846607208252
v 1.704808115959168 5.475873470306397 2.239892244338989
v 1.726490497589111 8.29380989074707 1.790669798851013
v 1.72764790058136 -2.852955102920532 2.221962690353394
v 1.776355266571045 8.540981292724609 0.9470272064208984
v 1.79066801071167 1.726488590240479 8.29380989074707
v 1.791483044624329 -4.408365726470947 3.840392827987671
v 1.824538826942444 11.02535629272461 2.600011348724365
v 1.858039617538452 5.133210182189941 3.032908201217651
v 1.860751986503601 -5.435588359832764 5.067662715911865
v 1.898492693901062 1.261819839477539 8.41702938079834
v 1.902192234992981 1.150061249732971 10.63593482971191
v 1.917961001396179 6.510768890380859 4.170510768890381
v 1.926000952720642 9.793596267700195 4.550464630126953
v 1.935451149940491 -5.93462085723877 5.903752326965332
v 1.935451149940491 8.019752502441406 2.307016611099243
v 1.946751117706299 -1.39019787311554 -3.310780048370361
v 1.951091647148132 -8.118839263916016 3.851196527481079
v 1.953490972518921 0.5694142580032349 9.198762893676758
v 1.966365814208984 -4.974300861358643 2.924669981002808
v 1.981493592262268 3.308630704879761 8.199471473693848
v 1.982244610786438 -7.921279907226563 7.054120540618897
v 2.003654003143311 0.6904069185256958 7.407573223114014
v 2.014826059341431 6.679957389831543 3.13581919670105
v 2.031565427780151 7.481799125671387 2.755391120910645
v 2.043707847595215 0.6561771631240845 -5.961138248443604
v 2.053066492080689 -0.8759608268737793 6.033695220947266
v 2.054898023605347 -8.650543212890625 6.562798500061035
v 2.070062398910523 9.598842620849609 -0.4769218266010284
v 2.085043668746948 8.76126766204834 -0.2239130884408951
v 2.087662696838379 3.70361852645874 10.77891635894775
v 2.106361627578735 -6.883034706115723 7.067086696624756
v 2.11165452003479 0.4870028793811798 8.356609344482422
v 2.141305685043335 -6.39696741104126 3.466922521591187
v 2.152111053466797 10.99497222900391 1.048035144805908
v 2.189399480819702 -0.09847003221511841 7.669799327850342
v 2.20088267326355 7.792998313903809 4.505190849304199
v 2.204453706741333 -1.433253407478333 3.229861974716187
v 2.209233999252319 -3.311933755874634 0.2410818189382553
v 2.209398746490479 1.401273369789124 7.770107746124268
v 2.217676877975464 -8.037283897399902 -0.6309225559234619
v 2.217676877975464 -7.902709007263184 0.2410781532526016
v 2.221962690353394 1.72764790058136 -2.852955102920532
v 2.239892244338989 1.704808115959168 5.475873470306397
v 2.263792753219605 -5.835668087005615 4.136556148529053
v 2.27337121963501 -0.1850754320621491 -6.057783603668213
v 2.30701494216919 1.935449242591858 8.019752502441406
v 2.31203293800354 -3.225123167037964 -0.6309189200401306
v 2.324285268783569 -9.070840835571289 5.593157768249512
v 2.325768947601318 1.587934374809265 -5.491885662078857
v 2.326483011245728 -8.793377876281738 -1.405157089233398
v 2.326483011245728 -8.389690399169922 1.210843205451965
v 2.341464281082153 -6.253199100494385 6.59274435043335
v 2.371170282363892 3.967072248458862 8.964044570922852
v 2.37785530090332 7.491727828979492 3.749664783477783
v 2.378917455673218 -7.411664009094238 3.752444744110107
v 2.406572103500366 4.098716259002686 9.823853492736816
v 2.41353178024292 1.605646252632141 6.978886604309082
v 2.43398904800415 0.3366686403751373 9.824769973754883
v 2.445014238357544 -6.002968311309815 4.941934108734131
v 2.446699380874634 1.561184287071228 2.841558933258057
v 2.458640098571777 2.555247068405151 8.056344032287598
v 2.468896389007568 -9.648571014404297 -1.546643614768982
v 2.468896389007568 -9.161717414855957 1.608283519744873
v 2.471570253372192 -2.887478113174439 1.210847020149231
v 2.486185073852539 9.161182403564453 4.505978584289551
v 2.495031118392944 10.83325576782227 3.140416145324707
v 2.505928039550781 3.277498006820679 -0.07088847458362579
v 2.514536142349243 3.134883165359497 0.7947773337364197
v 2.529736995697022 -0.0795072466135025 8.836045265197754
v 2.555248975753784 8.056344032287598 2.45864200592041
v 2.57839846611023 8.058450698852539 1.506773710250855
v 2.580156803131104 8.774839401245117 -1.561949014663696
v 2.590284585952759 8.006914138793945 3.179041385650635
v 2.592830419540405 -6.495297908782959 4.22482967376709
v 2.600009441375732 1.824536919593811 11.02535533905029
v 2.604295015335083 -8.891726493835449 4.815177917480469
v 2.614789247512817 10.52592086791992 -0.4355879426002502
v 2.644934892654419 -10.60284614562988 -1.05538022518158
v 2.644934892654419 -10.21879196166992 1.433396935462952
v 2.659733057022095 8.013232231140137 0.3234327733516693
v 2.687552452087402 -6.031816005706787 5.631104946136475
v 2.687589168548584 -1.248711347579956 -2.85291862487793
v 2.732954263687134 -10.99680805206299 -0.270823746919632
v 2.732954263687134 -10.83049488067627 0.8070278167724609
v 2.755389451980591 2.031563520431519 7.48180103302002
v 2.773868799209595 8.387395858764648 3.912040710449219
v 2.779985904693604 -2.627028226852417 -1.405155301094055
v 2.807604074478149 -1.254396080970764 5.805936813354492
v 2.815717220306397 2.874543190002441 -1.035814881324768
v 2.841558933258057 2.446699380874634 1.561184287071228
v 2.849269390106201 9.581645011901856 -1.781740784645081
v 2.862089395523071 7.869499683380127 -1.029203414916992
v 2.874543190002441 -1.035814881324768 2.815717220306397
v 2.894890546798706 -8.113217353820801 4.228877067565918
v 2.905494689941406 -6.371840000152588 4.846642017364502
v 2.9157874584198 1.336542725563049 -2.473296642303467
v 2.917765378952026 -2.245043516159058 1.608287215232849
v 2.924669981002808 1.966365814208984 -4.974300861358643
v 2.970785856246948 -0.7609900236129761 7.765528678894043
v 2.99142599105835 -5.922219753265381 6.20410966873169
v 2.995290279388428 -7.273261070251465 4.239353179931641
v 3.014758586883545 -0.9358198046684265 -5.781839847564697
v 3.023201704025269 3.100908041000366 8.371409416198731
v 3.032908201217651 1.858039617538452 5.133210182189941
v 3.054739236831665 11.16928863525391 1.634817481040955
v 3.0587317943573 1.493303537368774 -7.119527816772461
v 3.078767776489258 -6.391328811645508 7.134612083435059
v 3.079317331314087 -6.026557445526123 5.332396507263184
v 3.100909948348999 8.371407508850098 3.023203611373901
v 3.134883165359497 0.7947773337364197 2.514535903930664
v 3.135817289352417 2.014824151992798 6.679957389831543
v 3.140414237976074 2.495029211044312 10.83325576782227
v 3.16151237487793 10.05959796905518 3.523407936096191
v 3.179039239883423 2.590282678604126 8.006913185119629
v 3.18550443649292 7.627236366271973 -2.551131010055542
v 3.19405722618103 0.7675418853759766 -7.504039764404297
v 3.229861974716187 2.204453706741333 -1.433255076408386
v 3.261014938354492 1.68846607208252 1.69875693321228
v 3.261692523956299 8.581677436828613 -3.067085981369019
v 3.277498006820679 -0.0708884671330452 2.505928039550781
v 3.280977725982666 -7.109731197357178 7.480959415435791
v 3.289731979370117 -1.930932283401489 -1.546641826629639
v 3.308632373809815 8.199471473693848 1.98149561882019
v 3.311654329299927 -0.4823044240474701 -2.406467199325562
v 3.340023517608643 0.5635828971862793 10.29504871368408
v 3.342422723770142 -6.704320907592773 4.519473075866699
v 3.342843770980835 10.90191650390625 -0.1284764558076859
v 3.363484382629395 9.238982200622559 3.484324932098389
v 3.387714147567749 0.3794475495815277 -2.279932498931885
v 3.39703631401062 7.871587753295898 0.7869112491607666
v 3.446393728256226 -7.634383678436279 -0.1627409756183624
v 3.463609457015991 -0.2982606291770935 9.208451271057129
v 3.466924428939819 2.141307592391968 -6.39696741104126
v 3.484323024749756 3.363482475280762 9.238984107971191
v 3.500274896621704 7.491178512573242 -0.5516228079795837
v 3.522691965103149 -7.745223045349121 0.7092597484588623
v 3.523406028747559 3.161510705947876 10.05959987640381
v 3.547837495803833 -1.384610176086426 1.433398723602295
v 3.555181741714478 -8.121365547180176 -1.132504343986511
v 3.598055839538574 -8.077428817749023 7.243125438690186
v 3.598953247070313 -7.487208843231201 4.327079296112061
v 3.605143547058106 7.255033493041992 -4.059509754180908
v 3.617853879928589 -5.483039379119873 5.768134117126465
v 3.618385076522827 7.058206081390381 -2.034113883972168
v 3.669445753097534 10.28988456726074 -1.688580751419067
v 3.703620433807373 10.77891635894775 2.087664365768433
v 3.727026224136353 -5.561864852905273 6.632777690887451
v 3.74834418296814 1.267226219177246 -1.263205409049988
v 3.74966287612915 2.377853155136108 7.491727828979492
v 3.75244665145874 2.378919363021851 -7.411662101745606
v 3.755597114562988 -1.077308177947998 -5.323978424072266
v 3.772922515869141 0.8601874113082886 1.207495450973511
v 3.773911476135254 -8.869656562805176 -1.529942631721497
v 3.784094095230103 -8.453882217407227 1.483496069908142
v 3.787848472595215 -1.06499171257019 5.382396697998047
v 3.789130449295044 6.586718559265137 -3.51751184463501
v 3.794331789016724 9.262042045593262 -3.225432872772217
v 3.807866334915161 -0.8393612504005432 7.628646850585938
v 3.810924530029297 -8.625747680664063 6.585471630096436
v 3.837737083435059 -5.94245719909668 4.803751468658447
v 3.840392827987671 1.791483044624329 -4.408365726470947
v 3.841271877288818 -1.136822819709778 -1.05538022518158
v 3.8489089012146 -8.375203132629395 4.755179405212402
v 3.851198196411133 1.951093554496765 -8.118838310241699
v 3.872864484786987 -0.03597927838563919 -7.550522327423096
v 3.912039041519165 2.773866891860962 8.387395858764648
v 3.91956639289856 -8.754715919494629 5.50797700881958
v 3.926415681838989 -0.9007402658462524 0.8070278167724609
v 3.935792684555054 -4.653449535369873 -0.2708219289779663
v 3.965571880340576 1.390266418457031 4.851698875427246
v 3.967073917388916 8.964044570922852 2.371172189712524
v 4.012511730194092 6.076699733734131 -5.001808643341065
v 4.012896537780762 0.7104703783988953 -0.6431694626808167
v 4.016797542572022 8.145406723022461 -4.525081634521484
v 4.023225784301758 -4.511951923370361 0.807029664516449
v 4.023537158966065 0.5341900587081909 0.42685267329216
v 4.045514583587647 1.093361496925354 10.28466415405273
v 4.049964904785156 -9.270689010620117 1.624982595443726
v 4.053499698638916 -0.7934267520904541 -0.270823746919632
v 4.09873628616333 9.823853492736816 2.406574249267578
v 4.102545738220215 -9.879278182983398 -1.355052351951599
v 4.121006965637207 6.752887725830078 -5.554317474365234
v 4.136556148529053 2.263792753219605 -5.835666179656982
v 4.165235996246338 -6.178954124450684 7.397699356079102
v 4.170510768890381 1.917958974838257 6.510750770568848
v 4.224831581115723 2.592832088470459 -6.495297908782959
v 4.228879451751709 2.894892454147339 -8.113215446472168
v 4.234721183776856 -6.622674942016602 4.40603494644165
v 4.239355087280273 2.99529242515564 -7.27325963973999
v 4.244208335876465 -4.39298152923584 -1.055378437042236
v 4.254189491271973 10.72684860229492 0.4444144070148468
v 4.267980575561523 -0.01809887029230595 9.216473579406738
v 4.274445533752441 5.484080314636231 -6.337207317352295
v 4.296954154968262 8.336353302001953 1.16652238368988
v 4.314023017883301 -10.45259475708008 -0.7286832928657532
v 4.316458702087402 -0.4386225938796997 5.055703639984131
v 4.320322990417481 -10.19562339782715 1.133723020553589
v 4.327081203460693 3.598955154418945 -7.487206935882568
v 4.393416404724121 0.6247110962867737 4.825857162475586
v 4.40603494644165 4.234721183776856 -6.622674942016602
v 4.408342361450195 -10.58960437774658 0.3491664230823517
v 4.440191268920898 1.184117078781128 -4.185111999511719
v 4.446125030517578 -4.066287994384766 1.433398723602295
v 4.451472759246826 -7.264633178710938 0.3491645753383637
v 4.465721607208252 4.802212715148926 -5.519613742828369
v 4.473944664001465 10.4101734161377 -1.346838355064392
v 4.481234073638916 -4.987633228302002 5.092185974121094
v 4.487735271453857 -7.42695426940918 -0.7286869883537293
v 4.49469518661499 7.639873027801514 -0.1292053610086441
v 4.495867252349854 -0.6095349788665772 -4.684199333190918
v 4.505188941955566 2.200880765914917 7.793000221252441
v 4.505976676940918 2.486165046691895 9.161182403564453
v 4.519474506378174 3.342424392700195 -6.704320907592773
v 4.519968986511231 5.437451839447022 -4.278424263000488
v 4.5210862159729 1.309327483177185 -8.616826057434082
v 4.521141529083252 -4.741267204284668 6.153856754302979
v 4.550462245941162 1.925999045372009 9.793598175048828
v 4.560334205627441 6.874585628509522 -1.5160071849823
v 4.568758487701416 6.140450477600098 -2.89906907081604
v 4.574930667877197 4.808826446533203 -7.523689270019531
v 4.626137733459473 -0.3620407283306122 -7.226850509643555
v 4.629691123962402 -6.90788745880127 7.534364223480225
v 4.650550842285156 6.055656433105469 -6.87545108795166
v 4.68036699295044 -7.597150325775147 1.133719325065613
v 4.700659275054932 -0.3335818648338318 7.259134292602539
v 4.719138622283936 10.12166500091553 0.8872286677360535
v 4.72406530380249 0.1442752778530121 -4.304577350616455
v 4.737654685974121 9.086385726928711 1.199960827827454
v 4.739632606506348 8.642589569091797 -4.592515468597412
v 4.755181789398193 3.848910570144653 -8.375201225280762
v 4.764119148254395 -7.9719557762146 -1.355054259300232
v 4.78336763381958 9.668291091918945 -3.026208162307739
v 4.802212715148926 -5.519615173339844 4.465721607208252
v 4.802652835845947 1.381966233253479 6.588220596313477
v 4.803751468658447 3.837737083435059 -5.94245719909668
v 4.80882453918457 -7.523690700531006 4.574928760528565
v 4.815179824829102 2.604296922683716 -8.891726493835449
v 4.825857162475586 4.393416404724121 0.6247128844261169
v 4.845417022705078 7.466016292572022 -5.935935974121094
v 4.846643924713135 2.90549635887146 -6.371840000152588
v 4.851698875427246 3.965571880340576 1.390266418457031
v 4.89435338973999 -4.950731754302979 6.917129993438721
v 4.941934108734131 2.445016145706177 -6.002968311309815
v 4.942886352539063 0.7609761357307434 8.860110282897949
v 4.945871829986572 -5.624683380126953 0.3491664230823517
v 4.948508739471436 -3.730584144592285 -1.546641826629639
v 5.021949768066406 1.500634789466858 8.3856201171875
v 5.032260894775391 0.4068606197834015 6.912331581115723
v 5.055703639984131 4.316458702087402 -0.4386225938796997
v 5.062077045440674 -6.941364765167236 -0.2708255648612976
v 5.067662715911865 1.860751986503601 -5.435586929321289
v 5.092185974121094 4.481235980987549 -4.987633228302002
v 5.111434459686279 -5.640543460845947 -0.7286832928657532
v 5.12039041519165 -7.748683929443359 7.042728900909424
v 5.133210182189941 3.032908201217651 1.858039617538452
v 5.158227920532227 8.212841033935547 -0.05383772030472755
v 5.163355827331543 -8.02292537689209 5.193774223327637
v 5.174454689025879 -8.424488067626953 1.624982595443726
v 5.19377613067627 5.163357734680176 -8.02292537689209
v 5.204453468322754 -3.316457509994507 1.608285307884216
v 5.227639675140381 -6.957206726074219 0.8070241808891296
v 5.239470481872559 -6.225690841674805 -0.1627373099327087
v 5.254286766052246 -5.364233493804932 1.133723020553589
v 5.262784957885742 9.942550659179688 -0.7565158009529114
v 5.276850700378418 -3.884003877639771 5.292710781097412
v 5.278205871582031 -6.664578437805176 0.2410781532526016
v 5.280605316162109 -8.899620056152344 -1.529938936233521
v 5.290989398956299 -7.273863792419434 -1.05538022518158
v 5.292710781097412 5.276850700378418 -3.884002208709717
v 5.29827880859375 -8.120357513427734 6.262532711029053
v 5.299212455749512 0.8970891833305359 -8.561553001403809
v 5.332397937774658 3.079319000244141 -6.026557445526123
v 5.342288017272949 -6.138862133026123 0.7092616558074951
v 5.354522228240967 -6.775417327880859 -0.6309189200401306
v 5.360492706298828 7.203275203704834 -1.354825377464294
v 5.382396697998047 3.787848472595215 -1.06499171257019
v 5.405326843261719 6.224605560302734 -2.631549835205078
v 5.437449932098389 -4.278426170349121 4.519967079162598
v 5.453859806060791 -0.2106405794620514 -6.533025741577148
v 5.475873470306397 2.239892244338989 1.704807996749878
v 5.484078884124756 -6.337209224700928 4.274445533752441
v 5.490873336791992 9.210100173950195 -0.3255143761634827
v 5.507978916168213 3.919568061828613 -8.754715919494629
v 5.545432090759277 9.519742012023926 -2.60704517364502
v 5.56200647354126 -3.123954296112061 -1.405155301094055
v 5.5923171043396 -9.174995422363281 1.483496069908142
v 5.593159198760986 2.324287176132202 -9.070840835571289
v 5.59400224685669 6.516979217529297 -7.134378910064697
v 5.59489917755127 -3.818566560745239 6.330755710601807
v 5.600870132446289 -5.616059303283691 7.382003784179688
v 5.616821765899658 1.210691332817078 -5.473186492919922
v 5.631106853485107 2.687554597854614 -6.031814098358154
v 5.636601448059082 -5.400844097137451 -1.355050563812256
v 5.673285007476807 -7.310474395751953 1.433393239974976
v 5.680335998535156 -9.568958282470703 -1.132500648498535
v 5.685207843780518 7.723316192626953 -5.882988452911377
v 5.73619556427002 -6.273235321044922 -1.132500648498535
v 5.76813554763794 3.617855548858643 -5.483039379119873
v 5.773684978485107 8.746615409851074 -4.261829376220703
v 5.774234294891357 -2.780558347702026 1.210845112800598
v 5.774930477142334 -6.712122917175293 1.210843205451965
v 5.784088134765625 0.3136034309864044 -5.948482990264893
v 5.805936813354492 2.807604074478149 -1.25439441204071
v 5.87968921661377 1.586496710777283 0.9305735230445862
v 5.903754234313965 1.935452938079834 -5.934618949890137
v 5.914376735687256 -7.954740047454834 -1.546639919281006
v 5.933936595916748 -9.848638534545898 0.7092616558074951
v 5.963276386260986 -9.979971885681152 -0.1627373099327087
v 6.003842830657959 -7.044640064239502 -1.405153512954712
v 6.018860816955566 8.044239044189453 -1.550564646720886
v 6.033695220947266 2.053066492080689 -0.875959038734436
v 6.036717414855957 -4.859176158905029 1.624984502792358
v 6.044610977172852 -6.0127854347229 1.483496069908142
v 6.055654525756836 -6.875452995300293 4.650549411773682
v 6.065617561340332 1.524223804473877 0.0703178197145462
v 6.076697826385498 -5.001808643341065 4.012510299682617
v 6.080507278442383 8.816393852233887 -1.967980623245239
v 6.084719657897949 -2.573091983795166 -0.6309207677841187
v 6.140450477600098 -2.899070978164673 4.568758487701416
v 6.152501583099365 -6.277485847473145 7.227265357971191
v 6.153856754302979 4.521142959594727 -4.741265296936035
v 6.155468463897705 -2.458626508712769 0.2410799860954285
v 6.171841621398926 -4.127313613891602 6.916818618774414
v 6.185595512390137 0.7143731713294983 -7.952982425689697
v 6.204111576080322 2.99142599105835 -5.922219753265381
v 6.224605560302734 -2.631553649902344 5.405326843261719
v 6.262534618377686 5.298280239105225 -8.120355606079102
v 6.298815727233887 6.839165210723877 -2.714917421340942
v 6.330755710601807 5.59489917755127 -3.818566560745239
v 6.399013996124268 -8.00114917755127 1.60828173160553
v 6.404416561126709 8.385584831237793 -3.761515140533447
v 6.44569730758667 1.416265606880188 -6.337518692016602
v 6.452913761138916 6.549249172210693 -6.935044288635254
v 6.489194393157959 -6.248675346374512 -1.529938936233521
v 6.501428604125977 -6.885212421417236 1.60828173160553
v 6.501482963562012 -8.513514518737793 -1.405153512954712
v 6.510768890380859 4.170510768890381 1.91796088218689
v 6.516977310180664 -7.13438081741333 5.594000339508057
v 6.521354675292969 -4.905584335327148 -1.529940843582153
v 6.549247264862061 -6.935046195983887 6.452911376953125
v 6.562800407409668 2.05489993095398 -8.650543212890625
v 6.567763328552246 0.8874319791793823 -7.211631298065186
v 6.585473537445068 3.810926914215088 -8.62574577331543
v 6.586718559265137 -3.517513751983643 3.789130449295044
v 6.588220596313477 4.802652835845947 1.381968021392822
v 6.59274435043335 2.341466188430786 -6.253199100494385
v 6.631845474243164 7.55949068069458 -3.091572523117065
v 6.632779598236084 3.727026224136353 -5.561864852905273
v 6.640380382537842 7.524803161621094 -5.3954758644104
v 6.679957389831543 3.135817289352417 2.014826059341431
v 6.752482891082764 -4.458510398864746 1.483497977256775
v 6.752886295318604 -5.5543212890625 4.121006965637207
v 6.777500629425049 -7.28622579574585 -1.546639919281006
v 6.839165210723877 -2.714920997619629 6.298815727233887
v 6.861161231994629 -5.934564113616943 1.624982595443726
v 6.874585628509522 -1.516008973121643 4.560334205627441
v 6.903339385986328 -8.551992416381836 1.210843205451965
v 6.912331581115723 5.032242774963379 0.4068624377250671
v 6.916818618774414 6.171843528747559 -4.127311706542969
v 6.917129993438721 4.894354820251465 -4.950729846954346
v 6.978904724121094 2.41353178024292 1.605648040771484
v 7.007639884948731 -4.810241222381592 7.050917148590088
v 7.042730331420898 5.120391845703125 -7.748682022094727
v 7.050917148590088 7.007639884948731 -4.810237884521484
v 7.052327156066895 -8.950167655944824 -0.6309189200401306
v 7.054122447967529 1.982246398925781 -7.921279907226563
v 7.058206081390381 -2.034115791320801 3.618385076522827
v 7.067088603973389 2.106363534927368 -6.883033275604248
v 7.134613990783691 3.078769445419312 -6.391326427459717
v 7.154338836669922 -4.496970653533936 -1.132502436637878
v 7.186279296875 -8.962987899780273 0.2410781532526016
v 7.203275203704834 -1.354827165603638 5.360492706298828
v 7.227266788482666 6.15250301361084 -6.277482032775879
v 7.243127346038818 3.598057746887207 -8.077426910400391
v 7.255031585693359 -4.059511661529541 3.605143547058106
v 7.259134292602539 4.700659275054932 -0.3335800468921661
v 7.382005214691162 5.600872039794922 -5.616057395935059
v 7.397701263427734 4.165235996246338 -6.178952217102051
v 7.401620864868164 -4.162219047546387 0.7092616558074951
v 7.407573223114014 2.003654003143311 0.6904087066650391
v 7.457736492156982 -7.183848381042481 1.433393239974976
v 7.466014385223389 -5.935939311981201 4.845417022705078
v 7.480959415435791 3.280979633331299 -7.109729290008545
v 7.48180103302002 2.755389451980591 2.031565427780151
v 7.491178512573242 -0.551624596118927 3.500274896621704
v 7.491727828979492 3.74966287612915 2.37785530090332
v 7.498522281646729 -6.151993274688721 -1.355054259300232
v 7.524803161621094 -5.395480155944824 6.640380382537842
v 7.534364223480225 4.629692554473877 -6.907886028289795
v 7.53557300567627 -4.175039291381836 -0.1627391427755356
v 7.55949068069458 -3.091576099395752 6.631845474243164
v 7.627236366271973 -2.551132917404175 3.18550443649292
v 7.628646850585938 3.807866334915161 -0.8393594026565552
v 7.639873027801514 -0.1292071789503098 4.49469518661499
v 7.669799327850342 2.189399480819702 -0.09846821427345276
v 7.67551326751709 -7.500194072723389 -1.05538022518158
v 7.72331428527832 -5.88299036026001 5.685206413269043
v 7.765528678894043 2.970785856246948 -0.7609882354736328
v 7.770107746124268 2.209398746490479 1.401275277137756
v 7.791938304901123 -5.90419864654541 1.133719325065613
v 7.793000221252441 4.505188941955566 2.20088267326355
v 7.869499683380127 -1.029205322265625 2.862089395523071
v 7.871587753295898 0.7869094610214233 3.39703631401062
v 7.983049869537354 -7.40166187286377 0.8070241808891296
v 8.006914138793945 3.179039239883423 2.590284585952759
v 8.013232231140137 0.3234309554100037 2.659733057022095
v 8.019752502441406 2.30701494216919 1.935451149940491
v 8.044239044189453 -1.550568342208862 6.018860816955566
v 8.056344032287598 2.458640098571777 2.555248975753784
v 8.058450698852539 1.506772041320801 2.57839846611023
v 8.066710472106934 -6.049981594085693 -0.7286869883537293
v 8.077350616455078 -7.53865385055542 -0.2708255648612976
v 8.145406723022461 -4.525083541870117 4.016795635223389
v 8.193794250488281 -5.94267749786377 0.3491645753383637
v 8.199471473693848 1.981493592262268 3.308632373809815
v 8.212841033935547 -0.05383953452110291 5.158227920532227
v 8.29380989074707 1.79066801071167 1.726490497589111
v 8.336353302001953 1.166520476341248 4.296954154968262
v 8.356609344482422 2.11165452003479 0.4870046973228455
v 8.371407508850098 3.023201704025269 3.100909948348999
v 8.38558292388916 -3.761516809463501 6.404416561126709
v 8.3856201171875 5.021949768066406 1.500636577606201
v 8.387395858764648 3.912039041519165 2.773868799209595
v 8.41702938079834 1.898492693901062 1.261821508407593
v 8.540981292724609 0.9470254182815552 1.776355266571045
v 8.581676483154297 -3.067087650299072 3.261692523956299
v 8.642589569091797 -4.592517375946045 4.739632606506348
v 8.746615409851074 -4.261831283569336 5.773684978485107
v 8.76126766204834 -0.2239149063825607 2.085043668746948
v 8.774839401245117 -1.56195080280304 2.580156803131104
v 8.816393852233887 -1.967984080314636 6.080507278442383
v 8.836045265197754 2.529736995697022 -0.07950542867183685
v 8.860111236572266 4.942886352539063 0.7609779834747315
v 8.919705390930176 1.480829477310181 1.187289118766785
v 8.964044570922852 2.371170282363892 3.967073917388916
v 9.086385726928711 1.19995903968811 4.737654685974121
v 9.161182403564453 4.505976676940918 2.486185073852539
v 9.198762893676758 1.953490972518921 0.5694160461425781
v 9.208451271057129 3.463609457015991 -0.2982587814331055
v 9.210100173950195 -0.3255161941051483 5.490873336791992
v 9.216473579406738 4.267980575561523 -0.01809705421328545
v 9.238982200622559 3.484323024749756 3.363484382629395
v 9.262040138244629 -3.225434541702271 3.794331789016724
v 9.313632011413574 0.6890241503715515 1.456700325012207
v 9.519742012023926 -2.607047080993652 5.545432090759277
v 9.581645011901856 -1.781742572784424 2.849269390106201
v 9.598842620849609 -0.4769236147403717 2.070062398910523
v 9.668291091918945 -3.026211738586426 4.78336763381958
v 9.793598175048828 4.550462245941162 1.926000952720642
v 9.823853492736816 2.406572103500366 4.09873628616333
v 9.824769973754883 2.43398904800415 0.336670458316803
v 9.93403434753418 1.529128432273865 0.9376465082168579
v 9.942550659179688 -0.7565176486968994 5.262784957885742
v 10.05959796905518 3.523406028747559 3.16151237487793
v 10.12166500091553 0.8872268795967102 4.719138622283936
v 10.28466415405273 4.045514583587647 1.093363404273987
v 10.28988456726074 -1.688582420349121 3.669445753097534
v 10.29504871368408 3.340023517608643 0.5635847449302673
v 10.37642002105713 0.7327700257301331 1.619438767433167
v 10.4101734161377 -1.346840143203735 4.473944664001465
v 10.52592086791992 -0.4355897307395935 2.614789247512817
v 10.63593482971191 1.902192234992981 1.150063157081604
v 10.72684860229492 0.4444125890731812 4.254189491271973
v 10.77891635894775 2.087662696838379 3.703620433807373
v 10.83325576782227 3.140414237976074 2.495031118392944
v 10.90191650390625 -0.1284782737493515 3.342843770980835
v 10.99497222900391 1.048033237457275 2.152111053466797
v 11.02535629272461 2.600009441375732 1.824538707733154
v 11.16928863525391 1.634815692901611 3.054739236831665
