v -9.8379 3.67896e-006 1.00505e-006
v -9.64978 -0.959635 -0.950419
v -9.64978 0.959642 -0.950419
v -9.64977 -0.959635 0.950421
v -9.64977 0.959642 0.950421
v -9.64887 -1.91927 1.00505e-006
v -9.64887 3.67896e-006 -1.91928
v -9.64887 1.91928 1.00505e-006
v -9.64886 3.67896e-006 1.91928
v -9.46347 1.91928 -1.8824
v -9.46346 -1.91927 1.8824
v -9.27894 -2.84203 0.913893
v -9.27894 0.959642 -2.81473
v -9.27894 2.84204 -0.913891
v -9.27893 -0.959635 2.81473
v -9.24193 3.67896e-006 1.00505e-006
v -9.06516 -0.902053 -0.892838
v -9.06516 0.902061 -0.892838
v -9.06515 -0.902053 0.89283
v -9.06515 0.902061 0.89284
v -9.06446 -1.80302 1.00505e-006
v -9.06446 1.80303 1.00505e-006
v -9.06435 3.67896e-006 -1.80301
v -9.06434 3.67896e-006 1.803
v -8.92236 -2.84203 -2.70656
v -8.92236 -2.84203 2.70657
v -8.92236 2.84204 -2.70656
v -8.92236 2.84204 2.70657
v -8.91439 -3.76479 -1.77318
v -8.91439 -3.76479 1.77318
v -8.91439 -1.91927 -3.69246
v -8.91439 -1.91927 3.69246
v -8.91439 1.91928 -3.69246
v -8.91439 1.91928 3.69246
v -8.91439 3.7648 -1.77318
v -8.91439 3.7648 1.77318
v -8.89029 1.80303 -1.76839
v -8.89028 -1.80302 1.76838
v -8.71678 0.902061 -2.6442
v -8.71677 -0.902053 2.6442
v -8.71658 -2.67144 0.858506
v -8.71658 2.67145 -0.858504
v -8.55153 -4.61522 -0.842251
v -8.55153 -0.959635 -4.57089
v -8.55152 0.959642 4.57088
v -8.55152 4.61523 0.842253
v -8.39717 -3.76479 -3.47823
v -8.39717 -3.76479 3.47822
v -8.39717 3.7648 -3.47822
v -8.39717 3.7648 3.47822
v -8.38161 -2.67144 -2.54253
v -8.38161 -2.67144 2.54253
v -8.38161 2.67145 -2.54253
v -8.38161 2.67145 2.54253
v -8.37474 -3.53687 -1.66584
v -8.37474 -3.53686 1.66584
v -8.37474 3.53687 1.66584
v -8.37474 3.53688 -1.66584
v -8.37447 -1.80302 -3.46881
v -8.37447 1.80302 -3.46881
v -8.37446 -1.80302 3.46882
v -8.37446 1.80303 3.46882
v -8.22289 -4.61522 -2.49439
v -8.22289 -2.84203 -4.39523
v -8.22289 -2.84203 4.39523
v -8.22289 2.84204 -4.39522
v -8.22289 2.84204 4.39523
v -8.22289 4.61523 -2.49439
v -8.22288 -4.61522 2.49438
v -8.22288 4.61523 2.49438
v -8.17992 -5.46564 1.00505e-006
v -8.17992 3.67896e-006 -5.46564
v -8.17992 5.46565 1.00505e-006
v -8.17991 3.67896e-006 5.46564
v -8.03344 -0.902053 -4.29396
v -8.03343 0.902061 4.29395
v -8.0329 -4.33801 -0.791173
v -8.0329 4.33802 0.791165
v -8.02274 -5.46564 -1.59582
v -8.02274 -1.91927 -5.36062
v -8.02274 1.91928 5.36063
v -8.02273 5.46565 1.59582
v -7.88884 -3.53687 -3.26767
v -7.88884 -3.53686 3.26766
v -7.88884 3.53687 3.26766
v -7.88884 3.53688 -3.26766
v -7.72454 -2.67144 -4.12885
v -7.72454 -2.67144 4.12885
v -7.72454 2.67145 -4.12884
v -7.72454 2.67145 4.12885
v -7.7242 -4.33801 -2.34311
v -7.7242 4.33802 -2.34311
v -7.72419 -4.33801 2.3431
v -7.72419 4.33802 2.3431
v -7.68513 -5.135 1.00505e-006
v -7.68513 5.135 1.00505e-006
v -7.68439 3.67896e-006 -5.13454
v -7.68438 3.67896e-006 5.13454
v -7.57827 -4.61522 -4.05067
v -7.57827 4.61523 -4.05067
v -7.57826 -4.61522 4.05066
v -7.57826 4.61523 4.05066
v -7.55726 -5.46564 -3.13032
v -7.55726 -3.76479 -5.0496
v -7.55726 -3.76479 5.0496
v -7.55726 3.7648 -5.0496
v -7.55726 5.46565 -3.13032
v -7.55725 -5.46564 3.13031
v -7.55725 3.7648 5.0496
v -7.55725 5.46565 3.13031
v -7.53745 -5.135 -1.4993
v -7.53744 5.135 1.49929
v -7.53682 -1.80302 -5.03594
v -7.53682 1.80303 5.03594
v -7.49548 -6.21105 -0.738245
v -7.49548 -0.959635 -6.15137
v -7.49548 0.959642 -6.15137
v -7.49548 6.21106 -0.738235
v -7.49547 -6.21105 0.738237
v -7.49547 -0.959635 6.15138
v -7.49547 0.959642 6.15138
v -7.49547 6.21106 0.738237
v -7.20743 -6.21105 -2.18635
v -7.20743 -2.84203 -5.91498
v -7.20742 2.84204 5.91498
v -7.20742 6.21106 2.18635
v -7.11867 -4.33801 -3.805
v -7.11867 4.33802 -3.805
v -7.11866 -4.33801 3.805
v -7.11866 4.33802 3.805
v -7.10012 -5.135 -2.94097
v -7.10012 5.135 -2.94097
v -7.10011 -5.135 2.94096
v -7.10011 5.135 2.94096
v -7.09977 -3.53687 -4.74391
v -7.09977 -3.53686 4.74392
v -7.09977 3.53688 -4.74391
v -7.09976 3.53687 4.74392
v -7.04137 -0.902053 -5.77869
v -7.04137 0.902061 -5.77869
v -7.04136 -0.902053 5.7787
v -7.04136 0.902061 5.7787
v -7.04051 -5.83766 -0.693433
v -7.04051 5.83767 -0.693424
v -7.0405 -5.83766 0.693426
v -7.0405 5.83767 0.693426
v -6.95645 -6.95645 1.00505e-006
v -6.95645 3.67896e-006 -6.95645
v -6.95645 6.95645 1.00505e-006
v -6.95644 3.67896e-006 6.95644
v -6.82278 -6.95645 -1.35714
v -6.82278 -6.95645 1.35714
v -6.82278 -1.91927 -6.82278
v -6.82278 1.91928 -6.82278
v -6.82278 6.95645 -1.35714
v -6.82278 6.95645 1.35714
v -6.82277 -1.91927 6.82277
v -6.82277 1.91928 6.82277
v -6.80136 5.46565 -4.54452
v -6.80135 -5.46564 4.54451
v -6.77061 -2.67144 -5.5565
v -6.7706 2.67145 5.5565
v -6.76993 -5.83766 -2.05364
v -6.76992 5.83767 2.05363
v -6.64241 4.61523 -5.45128
v -6.64241 6.21106 -3.55044
v -6.6424 -6.21105 3.55043
v -6.6424 -4.61522 5.45127
v -6.53605 -6.536 1.00505e-006
v -6.53605 6.53601 1.00505e-006
v -6.53503 3.67896e-006 -6.53503
v -6.53502 3.67896e-006 6.53502
v -6.41046 -6.536 -1.27512
v -6.41046 -6.536 1.27512
v -6.41046 6.53601 -1.27512
v -6.41046 6.53601 1.27512
v -6.40954 -1.80302 -6.40954
v -6.40954 1.80303 -6.40954
v -6.40953 -1.80302 6.40953
v -6.40953 1.80303 6.40953
v -6.38995 5.135 -4.26963
v -6.38994 -5.135 4.26962
v -6.23956 4.33802 -5.12068
v -6.23955 -4.33801 5.12067
v -6.23922 5.83767 -3.33493
v -6.23921 -5.83766 3.33492
v -6.15138 -7.56819 -0.605856
v -6.15138 -7.56819 0.605858
v -6.15138 -0.959635 -7.49548
v -6.15138 -0.959635 7.49547
v -6.15138 0.959642 -7.49548
v -6.15138 0.959642 7.49547
v -6.15138 7.56819 -0.605856
v -6.15138 7.56819 0.605858
v -5.91498 -7.56819 1.79429
v -5.91498 -2.84203 7.20743
v -5.91498 2.84204 -7.20742
v -5.91498 7.56819 -1.79429
v -5.82211 -6.21105 -4.77808
v -5.82211 -6.21105 4.77808
v -5.82211 6.21106 -4.77808
v -5.82211 6.21106 4.77808
v -5.78408 -6.95645 -3.8648
v -5.78408 -5.46564 -5.78408
v -5.78408 5.46565 -5.78408
v -5.78408 6.95645 -3.8648
v -5.78407 -6.95645 3.86479
v -5.78407 -5.46564 5.78407
v -5.78407 5.46565 5.78407
v -5.78407 6.95645 3.86479
v -5.7787 -0.902053 -7.04137
v -5.7787 -0.902053 7.04136
v -5.7787 0.902061 -7.04137
v -5.7787 0.902061 7.04136
v -5.77764 -7.11279 -0.569053
v -5.77764 -7.11279 0.569045
v -5.77764 7.1128 -0.569043
v -5.77764 7.1128 0.569055
v -5.5565 2.67145 -6.77061
v -5.55649 -2.67144 6.77061
v -5.5556 -7.11279 1.68527
v -5.5556 7.1128 -1.68528
v -5.46871 -5.83766 -4.48805
v -5.46871 -5.83766 4.48805
v -5.46871 5.83767 -4.48805
v -5.46871 5.83767 4.48805
v -5.46564 -8.17992 1.00505e-006
v -5.46564 3.67896e-006 -8.17992
v -5.46564 3.67896e-006 8.17991
v -5.46564 8.17992 1.00505e-006
v -5.45128 -7.56819 -2.91377
v -5.45128 -4.61522 -6.6424
v -5.45127 4.61523 6.6424
v -5.45127 7.56819 2.91376
v -5.43453 -6.536 -3.63124
v -5.43453 6.53601 -3.63124
v -5.43452 -6.536 3.63123
v -5.43452 6.53601 3.63123
v -5.4342 -5.135 -5.4342
v -5.4342 5.135 -5.4342
v -5.43419 -5.135 5.43419
v -5.43419 5.135 5.43419
v -5.36063 -8.17992 1.06629
v -5.36063 -1.91927 8.02274
v -5.36063 1.91928 -8.02274
v -5.36063 8.17992 -1.06629
v -5.13564 -7.68599 1.00505e-006
v -5.13564 7.68599 1.00505e-006
v -5.13454 3.67896e-006 -7.68438
v -5.13454 3.67896e-006 7.68438
v -5.12068 -4.33801 -6.23956
v -5.12067 4.33802 6.23955
v -5.12008 -7.11279 -2.73674
v -5.12007 7.1128 2.73673
v -5.0496 -8.17992 -2.09162
v -5.0496 -8.17992 2.09161
v -5.0496 -3.76479 -7.55726
v -5.0496 -3.76479 7.55726
v -5.0496 3.7648 -7.55726
v -5.0496 3.7648 7.55726
v -5.0496 8.17992 -2.09162
v -5.0496 8.17992 2.09161
v -5.03697 -7.68599 1.00191
v -5.03697 7.68599 -1.00191
v -5.03594 -1.80302 7.53682
v -5.03594 1.80303 -7.53682
v -4.91895 -6.95645 -4.91895
v -4.91895 -6.95645 4.91895
v -4.91895 6.95645 -4.91895
v -4.91895 6.95645 4.91895
v -4.77808 -7.56819 -3.92128
v -4.77808 -7.56819 3.92127
v -4.77808 -6.21105 -5.82211
v -4.77808 -6.21105 5.82211
v -4.77808 6.21106 -5.82211
v -4.77808 6.21106 5.82211
v -4.77808 7.56819 -3.92128
v -4.77808 7.56819 3.92127
v -4.74471 -7.68599 -1.96533
v -4.74471 -7.68599 1.96532
v -4.74471 7.68599 -1.96533
v -4.74471 7.68599 1.96532
v -4.74392 -3.53687 -7.09977
v -4.74392 -3.53686 7.09977
v -4.74392 3.53687 7.09977
v -4.74392 3.53688 -7.09977
v -4.62168 -6.536 -4.62168
v -4.62168 -6.536 4.62168
v -4.62168 6.53601 -4.62168
v -4.62168 6.53601 4.62168
v -4.57089 8.63449 -0.450191
v -4.57088 -8.63448 0.450193
v -4.57088 -0.959635 8.55152
v -4.57088 0.959642 -8.55153
v -4.54452 -8.17992 -3.03655
v -4.54451 -5.46564 -6.80135
v -4.54451 5.46565 6.80135
v -4.54451 8.17992 3.03655
v -4.48805 -5.83766 -5.46871
v -4.48805 -5.83766 5.46871
v -4.48805 5.83767 -5.46871
v -4.48805 5.83767 5.46871
v -4.48779 -7.11279 -3.68303
v -4.48779 -7.11279 3.68303
v -4.48779 7.1128 -3.68303
v -4.48779 7.1128 3.68303
v -4.39523 -8.63448 -1.33328
v -4.39523 -8.63448 1.33327
v -4.39523 -2.84203 -8.22289
v -4.39523 2.84204 -8.22289
v -4.39523 8.63449 -1.33328
v -4.39523 8.63449 1.33327
v -4.39522 -2.84203 8.22289
v -4.39522 2.84204 8.22289
v -4.29395 -0.902053 8.03343
v -4.29395 0.902061 -8.03343
v -4.29294 8.11447 -0.422812
v -4.29293 -8.11447 0.422814
v -4.27013 -7.68599 -2.85321
v -4.27012 7.68599 2.85321
v -4.26962 -5.135 -6.38994
v -4.26962 5.135 6.38994
v -4.12885 -2.67144 -7.72453
v -4.12885 2.67145 -7.72453
v -4.12884 -2.67144 7.72454
v -4.12884 2.67145 7.72454
v -4.12796 -8.11447 -1.25221
v -4.12796 -8.11447 1.2522
v -4.12796 8.11447 -1.25221
v -4.12796 8.11447 1.2522
v -4.05067 -8.63448 -2.16512
v -4.05067 8.63449 -2.16512
v -4.05066 -8.63448 2.16513
v -4.05066 -4.61522 -7.57826
v -4.05066 -4.61522 7.57826
v -4.05066 4.61523 -7.57826
v -4.05066 4.61523 7.57826
v -4.05066 8.63449 2.16513
v -3.92127 -7.56819 -4.77808
v -3.92127 -7.56819 4.77808
v -3.92127 7.56819 -4.77808
v -3.92127 7.56819 4.77808
v -3.86479 -8.17992 -3.8648
v -3.86479 -8.17992 3.86479
v -3.86479 -6.95645 -5.78408
v -3.86479 -6.95645 5.78408
v -3.86479 6.95645 -5.78408
v -3.86479 6.95645 5.78408
v -3.86479 8.17992 -3.8648
v -3.86479 8.17992 3.86479
v -3.805 -4.33801 -7.11867
v -3.805 -4.33801 7.11866
v -3.805 4.33802 -7.11867
v -3.805 4.33802 7.11866
v -3.80435 -8.11447 -2.03346
v -3.80435 8.11447 -2.03346
v -3.80434 -8.11447 2.03347
v -3.80434 8.11447 2.03347
v -3.69246 -9.08904 -0.734477
v -3.69246 -9.08904 0.734479
v -3.69246 -1.91927 -8.9144
v -3.69246 -1.91927 8.91439
v -3.69246 1.91928 -8.9144
v -3.69246 1.91928 8.91439
v -3.69246 9.08905 -0.734477
v -3.69246 9.08905 0.734479
v -3.68303 -7.11279 -4.48778
v -3.68303 -7.11279 4.48779
v -3.68303 7.1128 -4.48778
v -3.68303 7.1128 4.48779
v -3.63145 -7.68599 -3.63145
v -3.63145 -7.68599 3.63145
v -3.63145 7.68599 -3.63145
v -3.63145 7.68599 3.63145
v -3.63123 -6.536 -5.43453
v -3.63123 -6.536 5.43453
v -3.63123 6.53601 -5.43453
v -3.63123 6.53601 5.43453
v -3.55044 -8.63448 -2.91377
v -3.55043 -6.21105 -6.6424
v -3.55043 6.21106 6.6424
v -3.55043 8.63449 2.91377
v -3.47822 -9.08904 -1.44073
v -3.47822 -9.08904 1.44073
v -3.47822 -3.76479 -8.39718
v -3.47822 -3.76479 8.39717
v -3.47822 3.7648 -8.39718
v -3.47822 3.7648 8.39717
v -3.47822 9.08905 -1.44073
v -3.47822 9.08905 1.44073
v -3.46969 -8.54064 -0.690167
v -3.46969 -8.54064 0.690169
v -3.46969 8.54065 -0.690167
v -3.46969 8.54065 0.690169
v -3.46882 -1.80302 -8.37446
v -3.46882 -1.80302 8.37447
v -3.46882 1.80303 -8.37446
v -3.46882 1.80303 8.37447
v -3.33492 -5.83766 -6.23922
v -3.33492 5.83767 6.2392
v -3.33454 -8.11447 -2.73659
v -3.33453 8.11447 2.73658
v -3.26838 -8.54064 -1.35381
v -3.26838 -8.54064 1.35381
v -3.26838 8.54065 -1.35381
v -3.26838 8.54065 1.35381
v -3.26766 -3.53687 -7.88885
v -3.26766 -3.53687 7.88884
v -3.26766 3.53688 -7.88885
v -3.26766 3.53688 7.88884
v -3.13032 9.08905 -2.09162
v -3.13031 -9.08904 -2.09162
v -3.13031 -9.08904 2.09162
v -3.13031 -5.46564 -7.55726
v -3.13031 -5.46564 7.55725
v -3.13031 5.46565 -7.55726
v -3.13031 5.46565 7.55725
v -3.13031 9.08905 2.09162
v -3.03655 -8.17992 4.54452
v -3.03655 8.17992 -4.54452
v -2.94147 -8.54064 -1.96543
v -2.94147 8.54065 -1.96543
v -2.94146 -8.54064 1.96543
v -2.94146 8.54065 1.96543
v -2.94096 -5.135 -7.10012
v -2.94096 -5.135 7.10011
v -2.94096 5.135 -7.10012
v -2.94096 5.135 7.10011
v -2.91376 -8.63448 3.55044
v -2.91376 -7.56819 5.45128
v -2.91376 7.56819 -5.45128
v -2.91376 8.63449 -3.55044
v -2.85321 -7.68599 4.27013
v -2.85321 7.68599 -4.27013
v -2.81473 -9.36896 -0.277231
v -2.81473 -0.959635 -9.27894
v -2.81473 0.959642 9.27894
v -2.81473 9.36896 0.277233
v -2.73673 -7.11279 5.12008
v -2.73673 7.1128 -5.12008
v -2.73658 8.11447 -3.33454
v -2.73657 -8.11447 3.33454
v -2.70657 -9.36896 -0.821031
v -2.70657 -9.36896 0.821033
v -2.70657 -2.84203 -8.92236
v -2.70657 -2.84203 8.92236
v -2.70657 2.84204 -8.92236
v -2.70657 2.84204 8.92236
v -2.70657 9.36896 -0.821031
v -2.70657 9.36896 0.821033
v -2.6442 -0.902053 -8.71677
v -2.6442 0.902061 8.71678
v -2.64346 -8.80433 -0.260359
v -2.64346 8.80434 0.260361
v -2.54253 -2.67144 -8.38161
v -2.54253 -2.67144 8.38161
v -2.54253 2.67145 -8.38161
v -2.54253 2.67145 8.38161
v -2.54187 -8.80433 -0.771074
v -2.54187 -8.80433 0.771066
v -2.54187 8.80434 -0.771064
v -2.54187 8.80434 0.771076
v -2.49439 9.36896 -1.33328
v -2.49438 -9.36896 -1.33328
v -2.49438 -9.36896 1.33328
v -2.49438 -4.61522 -8.22289
v -2.49438 -4.61522 8.22289
v -2.49438 4.61523 -8.22289
v -2.49438 4.61523 8.22289
v -2.49438 9.36896 1.33328
v -2.3431 -4.33801 -7.7242
v -2.3431 -4.33801 7.7242
v -2.3431 4.33802 -7.7242
v -2.3431 4.33802 7.7242
v -2.34261 8.80434 -1.25216
v -2.3426 -8.80433 -1.25215
v -2.3426 -8.80433 1.25215
v -2.3426 8.80434 1.25215
v -2.18636 9.36896 -1.79429
v -2.18635 -9.36896 1.7943
v -2.18635 -6.21105 7.20743
v -2.18635 6.21106 -7.20742
v -2.16512 -8.63448 -4.05067
v -2.16512 -8.63448 4.05067
v -2.16512 8.63449 -4.05067
v -2.16512 8.63449 4.05067
v -2.09161 -9.08904 -3.13032
v -2.09161 -9.08904 3.13032
v -2.09161 -8.17992 -5.0496
v -2.09161 -8.17992 5.0496
v -2.09161 8.17992 -5.0496
v -2.09161 8.17992 5.0496
v -2.09161 9.08905 -3.13032
v -2.09161 9.08905 3.13032
v -2.05363 -5.83766 6.76993
v -2.05363 5.83767 -6.76993
v -2.05332 8.80434 -1.68511
v -2.05331 -8.80433 1.68512
v -2.03346 -8.11447 -3.80435
v -2.03346 -8.11447 3.80435
v -2.03346 8.11447 -3.80435
v -2.03346 8.11447 3.80435
v -1.96542 -8.54064 -2.94147
v -1.96542 -8.54064 2.94147
v -1.96542 8.54065 -2.94147
v -1.96542 8.54065 2.94147
v -1.96532 -7.68599 -4.74471
v -1.96532 -7.68599 4.74471
v -1.96532 7.68599 -4.74471
v -1.96532 7.68599 4.74471
v -1.91928 -9.64886 1.00505e-006
v -1.91928 3.67896e-006 -9.64887
v -1.91928 3.67896e-006 9.64887
v -1.91928 9.64887 1.00505e-006
v -1.88241 1.91928 9.46346
v -1.8824 -9.64886 -0.37443
v -1.8824 -1.91927 -9.46347
v -1.8824 9.64887 0.374432
v -1.80301 3.67896e-006 -9.06435
v -1.80301 3.67896e-006 9.06435
v -1.79429 -9.36896 -2.18635
v -1.79429 -7.56819 -5.91498
v -1.79429 7.56819 5.91498
v -1.79429 9.36896 2.18636
v -1.78458 -9.07138 1.00505e-006
v -1.78458 9.07139 1.00505e-006
v -1.77318 -9.64886 -0.734477
v -1.77318 -9.64886 0.734479
v -1.77318 -3.76479 -8.9144
v -1.77318 -3.76479 8.91439
v -1.77318 3.7648 -8.9144
v -1.77318 3.7648 8.91439
v -1.77318 9.64887 -0.734477
v -1.77318 9.64887 0.734479
v -1.76839 1.80303 8.89028
v -1.76838 -1.80302 -8.89029
v -1.75029 -9.07138 -0.348153
v -1.75029 9.07139 0.348155
v -1.68527 -7.11279 -5.5556
v -1.68527 7.1128 5.5556
v -1.68511 -8.80433 -2.05332
v -1.68511 8.80434 2.05332
v -1.66584 -3.53687 -8.37475
v -1.66584 -3.53687 8.37474
v -1.66584 3.53688 -8.37475
v -1.66584 3.53688 8.37474
v -1.64875 -9.07138 -0.682936
v -1.64875 -9.07138 0.682929
v -1.64875 9.07139 -0.682927
v -1.64875 9.07139 0.682938
v -1.59583 9.64887 -1.0663
v -1.59582 -9.64886 1.06629
v -1.59582 -5.46564 8.02274
v -1.59582 5.46565 -8.02274
v -1.49929 -5.135 7.53745
v -1.49929 5.135 -7.53745
v -1.48383 9.07139 -0.991463
v -1.48382 -9.07138 0.991455
v -1.44072 -9.08904 -3.47823
v -1.44072 -9.08904 3.47822
v -1.44072 9.08905 -3.47823
v -1.44072 9.08905 3.47822
v -1.35714 9.64887 -1.35714
v -1.35713 -9.64886 -1.35714
v -1.35713 -9.64886 1.35714
v -1.35713 -6.95645 -6.82278
v -1.35713 -6.95645 6.82278
v -1.35713 6.95645 -6.82278
v -1.35713 6.95645 6.82278
v -1.35713 9.64887 1.35714
v -1.3538 -8.54064 -3.26839
v -1.3538 -8.54064 3.26838
v -1.3538 8.54065 -3.26839
v -1.3538 8.54065 3.26838
v -1.33327 -9.36896 -2.49439
v -1.33327 -9.36896 2.49439
v -1.33327 -8.63448 -4.39523
v -1.33327 -8.63448 4.39523
v -1.33327 8.63449 -4.39523
v -1.33327 8.63449 4.39523
v -1.33327 9.36896 -2.49439
v -1.33327 9.36896 2.49439
v -1.27511 -6.536 -6.41046
v -1.27511 -6.536 6.41046
v -1.27511 6.53601 -6.41046
v -1.27511 6.53601 6.41046
v -1.2619 9.07139 -1.2619
v -1.26189 -9.07138 -1.2619
v -1.26189 -9.07138 1.2619
v -1.26189 9.07139 1.2619
v -1.2522 -8.11447 -4.12795
v -1.2522 -8.11447 4.12796
v -1.2522 8.11447 -4.12795
v -1.2522 8.11447 4.12796
v -1.25215 -8.80433 2.34261
v -1.25214 -8.80433 -2.34261
v -1.25214 8.80434 -2.34261
v -1.25214 8.80434 2.34261
v -1.06629 -9.64886 -1.59582
v -1.06629 -8.17992 -5.36062
v -1.06629 8.17992 5.36063
v -1.06629 9.64887 1.59583
v -1.00191 -7.68599 -5.03697
v -1.00191 7.68599 5.03697
v -0.991455 -9.07138 -1.48383
v -0.991455 9.07139 1.48383
v -0.950421 -0.959635 -9.64978
v -0.950421 -0.959635 9.64977
v -0.950421 0.959642 -9.64978
v -0.950421 0.959642 9.64977
v -0.913903 2.84204 9.27893
v -0.913893 -2.84203 -9.27894
v -0.89284 -0.902053 -9.06515
v -0.89284 -0.902053 9.06515
v -0.89284 0.902061 -9.06515
v -0.89284 0.902061 9.06515
v -0.858506 -2.67144 -8.71658
v -0.858506 2.67145 8.71657
v -0.842254 -4.61522 8.55152
v -0.842254 4.61523 -8.55153
v -0.821033 -9.36896 -2.70656
v -0.821033 9.36896 -2.70657
v -0.821033 9.36896 2.70657
v -0.821023 -9.36896 2.70657
v -0.791175 -4.33801 8.03289
v -0.791175 4.33802 -8.0329
v -0.771066 -8.80433 -2.54187
v -0.771066 -8.80433 2.54187
v -0.771066 8.80434 -2.54188
v -0.771066 8.80434 2.54187
v -0.738237 -6.21105 -7.49548
v -0.738237 -6.21105 7.49547
v -0.738237 6.21106 -7.49548
v -0.738237 6.21106 7.49547
v -0.734479 -9.64886 -1.77318
v -0.734479 -9.08904 -3.69246
v -0.734479 -9.08904 3.69246
v -0.734479 9.08905 -3.69247
v -0.734479 9.08905 3.69246
v -0.734479 9.64887 -1.77318
v -0.734479 9.64887 1.77318
v -0.734469 -9.64886 1.77318
v -0.693426 -5.83766 -7.0405
v -0.693426 -5.83766 7.0405
v -0.693426 5.83767 -7.0405
v -0.693426 5.83767 7.0405
v -0.690169 -8.54064 -3.46969
v -0.690169 -8.54064 3.46969
v -0.690169 8.54065 -3.4697
v -0.690169 8.54065 3.46969
v -0.682929 -9.07138 -1.64874
v -0.682929 9.07139 -1.64874
v -0.682929 9.07139 1.64875
v -0.682919 -9.07138 1.64875
v -0.605859 -7.56819 -6.15137
v -0.605859 -7.56819 6.15138
v -0.605859 7.56819 -6.15137
v -0.605859 7.56819 6.15138
v -0.569045 -7.11279 -5.77764
v -0.569045 -7.11279 5.77764
v -0.569045 7.1128 -5.77764
v -0.569045 7.1128 5.77764
v -0.450193 -8.63448 -4.57089
v -0.450193 8.63449 4.57089
v -0.422815 -8.11447 -4.29294
v -0.422815 8.11447 4.29294
v -0.374432 -9.64886 1.88241
v -0.374432 9.64887 -1.8824
v -0.348155 -9.07138 1.7503
v -0.348155 9.07139 -1.7503
v -0.277233 -9.36896 2.81473
v -0.277233 9.36896 -2.81474
v -0.260361 -8.80433 2.64346
v -0.260361 8.80434 -2.64346
v -1.12963e-006 -9.8379 0
v -1.12963e-006 -9.64886 -1.91928
v -1.12963e-006 -9.64886 1.91928
v -1.12963e-006 -9.24474 0
v -1.12963e-006 -9.07138 -1.78458
v -1.12963e-006 -9.07138 1.78458
v -1.12963e-006 -8.17992 -5.46564
v -1.12963e-006 -8.17992 5.46564
v -1.12963e-006 -7.68599 -5.13564
v -1.12963e-006 -7.68599 5.13564
v -1.12963e-006 -6.95645 -6.95645
v -1.12963e-006 -6.95645 6.95645
v -1.12963e-006 -6.536 -6.53605
v -1.12963e-006 -6.536 6.53605
v -1.12963e-006 -5.46564 -8.17992
v -1.12963e-006 -5.46564 8.17991
v -1.12963e-006 -5.135 -7.68512
v -1.12963e-006 -5.135 7.68511
v -1.12963e-006 -1.91927 -9.64887
v -1.12963e-006 -1.91927 9.64887
v -1.12963e-006 -1.80302 -9.06446
v -1.12963e-006 -1.80302 9.06446
v -1.12963e-006 3.67896e-006 9.24193
v -1.12963e-006 3.67896e-006 9.8379
v -1.12963e-006 1.80303 -9.06446
v -1.12963e-006 1.80303 9.06446
v -1.12963e-006 1.91928 -9.64887
v -1.12963e-006 1.91928 9.64887
v -1.12963e-006 5.135 -7.68512
v -1.12963e-006 5.135 7.68511
v -1.12963e-006 5.46565 -8.17992
v -1.12963e-006 5.46565 8.17991
v -1.12963e-006 6.53601 -6.53605
v -1.12963e-006 6.53601 6.53605
v -1.12963e-006 6.95645 -6.95645
v -1.12963e-006 6.95645 6.95645
v -1.12963e-006 7.68599 -5.13564
v -1.12963e-006 7.68599 5.13564
v -1.12963e-006 8.17992 -5.46564
v -1.12963e-006 8.17992 5.46564
v -1.12963e-006 9.07139 -1.78458
v -1.12963e-006 9.07139 1.78458
v -1.12963e-006 9.24475 1.00505e-006
v -1.12963e-006 9.64887 -1.91929
v -1.12963e-006 9.64887 1.91928
v -1.12963e-006 9.83791 1.00505e-006
v 0.260359 -8.80433 -2.64346
v 0.260359 8.80434 2.64346
v 0.277231 -9.36896 -2.81474
v 0.277231 9.36896 2.81473
v 0.348162 -9.07138 -1.7503
v 0.348162 9.07139 1.75029
v 0.374439 -9.64886 -1.8824
v 0.374439 9.64887 1.88241
v 0.422812 8.11447 -4.29294
v 0.422822 -8.11447 4.29293
v 0.450191 -8.63448 4.57088
v 0.450191 8.63449 -4.57089
v 0.569053 -7.11279 -5.77764
v 0.569053 -7.11279 5.77764
v 0.569053 7.1128 -5.77764
v 0.569053 7.1128 5.77764
v 0.605856 -7.56819 -6.15137
v 0.605856 -7.56819 6.15138
v 0.605856 7.56819 -6.15137
v 0.605856 7.56819 6.15138
v 0.682926 -9.07138 -1.64874
v 0.682926 -9.07138 1.64875
v 0.682926 9.07139 -1.64874
v 0.682926 9.07139 1.64875
v 0.690167 -8.54064 -3.46969
v 0.690167 -8.54064 3.46969
v 0.690167 8.54065 -3.46969
v 0.690167 8.54065 3.46969
v 0.693433 -5.83766 -7.0405
v 0.693433 -5.83766 7.0405
v 0.693433 5.83767 -7.0405
v 0.693433 5.83767 7.0405
v 0.734477 -9.64886 -1.77318
v 0.734477 -9.64886 1.77318
v 0.734477 -9.08904 -3.69246
v 0.734477 -9.08904 3.69246
v 0.734477 9.08905 -3.69246
v 0.734477 9.08905 3.69246
v 0.734477 9.64887 -1.77318
v 0.734477 9.64887 1.77318
v 0.738235 -6.21105 -7.49548
v 0.738235 -6.21105 7.49547
v 0.738235 6.21106 -7.49548
v 0.738235 6.21106 7.49547
v 0.771074 -8.80433 -2.54187
v 0.771074 -8.80433 2.54187
v 0.771074 8.80434 -2.54187
v 0.771074 8.80434 2.54187
v 0.791173 -4.33801 -8.0329
v 0.791173 4.33802 8.03289
v 0.821031 -9.36896 -2.70656
v 0.821031 -9.36896 2.70657
v 0.821031 9.36896 -2.70656
v 0.821031 9.36896 2.70657
v 0.842251 -4.61522 -8.55153
v 0.842251 4.61523 8.55152
v 0.858503 -2.67144 8.71658
v 0.858503 2.67145 -8.71658
v 0.892838 -0.902053 -9.06515
v 0.892838 -0.902053 9.06516
v 0.892838 0.902061 -9.06515
v 0.892838 0.902061 9.06516
v 0.913901 -2.84203 9.27894
v 0.913901 2.84204 -9.27894
v 0.950419 -0.959635 -9.64978
v 0.950419 -0.959635 9.64978
v 0.950419 0.959642 -9.64978
v 0.950419 0.959642 9.64978
v 0.991463 -9.07138 1.48383
v 0.991463 9.07139 -1.48383
v 1.00192 -7.68599 5.03697
v 1.00192 7.68599 -5.03697
v 1.0663 -9.64886 1.59583
v 1.0663 -8.17992 5.36063
v 1.0663 8.17992 -5.36062
v 1.0663 9.64887 -1.59582
v 1.25215 8.80434 -2.34261
v 1.25215 8.80434 2.34261
v 1.25216 -8.80433 -2.34261
v 1.25216 -8.80433 2.34261
v 1.25221 -8.11447 -4.12795
v 1.25221 -8.11447 4.12796
v 1.25221 8.11447 -4.12795
v 1.25221 8.11447 4.12796
v 1.2619 -9.07138 -1.2619
v 1.2619 -9.07138 1.2619
v 1.2619 9.07139 -1.2619
v 1.2619 9.07139 1.2619
v 1.27512 -6.536 -6.41046
v 1.27512 -6.536 6.41046
v 1.27512 6.53601 -6.41046
v 1.27512 6.53601 6.41046
v 1.33328 -9.36896 -2.49439
v 1.33328 -9.36896 2.49439
v 1.33328 -8.63448 -4.39523
v 1.33328 -8.63448 4.39523
v 1.33328 8.63449 -4.39523
v 1.33328 8.63449 4.39523
v 1.33328 9.36896 -2.49439
v 1.33328 9.36896 2.49439
v 1.35381 -8.54064 -3.26838
v 1.35381 -8.54064 3.26838
v 1.35381 8.54065 -3.26839
v 1.35381 8.54065 3.26839
v 1.35714 -9.64886 -1.35714
v 1.35714 -9.64886 1.35714
v 1.35714 -6.95645 -6.82278
v 1.35714 -6.95645 6.82278
v 1.35714 6.95645 -6.82278
v 1.35714 6.95645 6.82278
v 1.35714 9.64887 -1.35714
v 1.35714 9.64887 1.35714
v 1.44073 -9.08904 -3.47822
v 1.44073 -9.08904 3.47822
v 1.44073 9.08905 -3.47823
v 1.44073 9.08905 3.47823
v 1.48383 -9.07138 -0.991453
v 1.48383 9.07139 0.991465
v 1.4993 -5.135 -7.53745
v 1.4993 5.135 7.53745
v 1.59582 -9.64886 -1.06629
v 1.59582 -5.46564 -8.02274
v 1.59582 5.46565 8.02274
v 1.59582 9.64887 1.0663
v 1.64874 -9.07138 -0.682936
v 1.64874 -9.07138 0.682929
v 1.64874 9.07139 -0.682927
v 1.64874 9.07139 0.682938
v 1.66584 -3.53687 -8.37475
v 1.66584 -3.53687 8.37475
v 1.66584 3.53688 -8.37475
v 1.66584 3.53688 8.37474
v 1.68511 -8.80433 2.05332
v 1.68511 8.80434 -2.05332
v 1.68528 -7.11279 5.5556
v 1.68528 7.1128 -5.5556
v 1.7503 -9.07138 0.348155
v 1.7503 9.07139 -0.348153
v 1.76839 -1.80302 8.89029
v 1.76839 1.80303 -8.89029
v 1.77318 -9.64886 -0.734477
v 1.77318 -9.64886 0.734479
v 1.77318 -3.76479 -8.9144
v 1.77318 -3.76479 8.9144
v 1.77318 3.7648 -8.9144
v 1.77318 3.7648 8.91439
v 1.77318 9.64887 -0.734477
v 1.77318 9.64887 0.734479
v 1.78458 -9.07138 1.00505e-006
v 1.78458 9.07139 1.00505e-006
v 1.79429 -9.36896 2.18636
v 1.79429 -7.56819 5.91498
v 1.79429 7.56819 -5.91498
v 1.79429 9.36896 -2.18635
v 1.803 3.67896e-006 9.06435
v 1.80302 3.67896e-006 -9.06435
v 1.8824 -9.64886 0.374432
v 1.8824 -1.91927 9.46347
v 1.8824 1.91928 -9.46347
v 1.8824 9.64887 -0.37443
v 1.91928 3.67896e-006 9.64887
v 1.91929 -9.64886 1.00505e-006
v 1.91929 3.67896e-006 -9.64887
v 1.91929 9.64887 1.00505e-006
v 1.96533 -7.68599 -4.74471
v 1.96533 -7.68599 4.74471
v 1.96533 7.68599 -4.74471
v 1.96533 7.68599 4.74471
v 1.96543 -8.54064 -2.94147
v 1.96543 -8.54064 2.94147
v 1.96543 8.54065 -2.94147
v 1.96543 8.54065 2.94147
v 2.03347 -8.11447 -3.80435
v 2.03347 -8.11447 3.80435
v 2.03347 8.11447 -3.80435
v 2.03347 8.11447 3.80435
v 2.05332 -8.80433 -1.68511
v 2.05332 8.80434 1.68512
v 2.05364 -5.83766 -6.76993
v 2.05364 5.83767 6.76993
v 2.09162 -9.08904 -3.13032
v 2.09162 -9.08904 3.13032
v 2.09162 -8.17992 -5.0496
v 2.09162 -8.17992 5.0496
v 2.09162 8.17992 -5.0496
v 2.09162 8.17992 5.0496
v 2.09162 9.08905 -3.13032
v 2.09162 9.08905 3.13032
v 2.16513 -8.63448 -4.05067
v 2.16513 -8.63448 4.05067
v 2.16513 8.63449 -4.05067
v 2.16513 8.63449 4.05067
v 2.18635 -9.36896 -1.79429
v 2.18635 -6.21105 -7.20742
v 2.18635 6.21106 7.20743
v 2.18635 9.36896 1.7943
v 2.34261 -8.80433 -1.25215
v 2.34261 -8.80433 1.25215
v 2.34261 8.80434 -1.25215
v 2.34261 8.80434 1.25215
v 2.34311 -4.33801 -7.7242
v 2.34311 -4.33801 7.7242
v 2.34311 4.33802 -7.7242
v 2.34311 4.33802 7.7242
v 2.49439 -9.36896 -1.33328
v 2.49439 -9.36896 1.33328
v 2.49439 -4.61522 -8.22289
v 2.49439 -4.61522 8.22289
v 2.49439 4.61523 -8.22289
v 2.49439 4.61523 8.22289
v 2.49439 9.36896 -1.33328
v 2.49439 9.36896 1.33328
v 2.54188 -8.80433 -0.771074
v 2.54188 -8.80433 0.771066
v 2.54188 8.80434 -0.771064
v 2.54188 8.80434 0.771076
v 2.54253 -2.67144 8.38161
v 2.54253 2.67145 8.38161
v 2.54254 -2.67144 -8.38161
v 2.54254 2.67145 -8.38161
v 2.64346 -8.80433 0.260361
v 2.64346 8.80434 -0.260359
v 2.6442 -0.902053 8.71678
v 2.64421 0.902061 -8.71677
v 2.70656 -2.84203 8.92236
v 2.70656 2.84204 8.92236
v 2.70657 -9.36896 -0.821031
v 2.70657 -9.36896 0.821033
v 2.70657 -2.84203 -8.92236
v 2.70657 2.84204 -8.92236
v 2.70657 9.36896 -0.821031
v 2.70657 9.36896 0.821033
v 2.73658 -8.11447 -3.33454
v 2.73658 8.11447 3.33454
v 2.73674 7.1128 5.12008
v 2.73675 -7.11279 -5.12008
v 2.81473 -0.959635 9.27894
v 2.81474 -9.36896 0.277223
v 2.81474 0.959642 -9.27894
v 2.81474 9.36896 -0.277221
v 2.85322 -7.68599 -4.27013
v 2.85322 7.68599 4.27013
v 2.91377 -8.63448 -3.55044
v 2.91377 7.56819 5.45128
v 2.91377 8.63449 3.55044
v 2.91378 -7.56819 -5.45128
v 2.94097 -5.135 -7.10012
v 2.94097 -5.135 7.10012
v 2.94097 5.135 -7.10012
v 2.94097 5.135 7.10012
v 2.94146 8.54065 -1.96543
v 2.94147 -8.54064 -1.96543
v 2.94147 -8.54064 1.96543
v 2.94147 8.54065 1.96543
v 3.03656 -8.17992 -4.54452
v 3.03656 8.17992 4.54452
v 3.13032 -9.08904 -2.09162
v 3.13032 -9.08904 2.09162
v 3.13032 -5.46564 -7.55726
v 3.13032 -5.46564 7.55726
v 3.13032 5.46565 -7.55726
v 3.13032 5.46565 7.55726
v 3.13032 9.08905 -2.09162
v 3.13032 9.08905 2.09162
v 3.26767 -3.53687 -7.88885
v 3.26767 -3.53687 7.88884
v 3.26767 3.53688 -7.88884
v 3.26767 3.53688 7.88884
v 3.26839 -8.54064 -1.35381
v 3.26839 -8.54064 1.35381
v 3.26839 8.54065 -1.35381
v 3.26839 8.54065 1.35381
v 3.33454 -8.11447 2.73659
v 3.33454 8.11447 -2.73659
v 3.33493 -5.83766 6.23922
v 3.33493 5.83767 -6.23922
v 3.46881 -1.80302 8.37447
v 3.46881 1.80303 8.37447
v 3.46882 -1.80302 -8.37446
v 3.46882 1.80303 -8.37446
v 3.4697 -8.54064 -0.690167
v 3.4697 -8.54064 0.690169
v 3.4697 8.54065 -0.690167
v 3.4697 8.54065 0.690169
v 3.47823 -9.08904 -1.44073
v 3.47823 -9.08904 1.44073
v 3.47823 -3.76479 -8.39718
v 3.47823 -3.76479 8.39717
v 3.47823 3.7648 -8.39717
v 3.47823 3.7648 8.39717
v 3.47823 9.08905 -1.44073
v 3.47823 9.08905 1.44073
v 3.55044 -8.63448 2.91377
v 3.55044 -6.21105 6.64241
v 3.55044 6.21106 -6.6424
v 3.55044 8.63449 -2.91377
v 3.63124 -6.536 -5.43453
v 3.63124 -6.536 5.43453
v 3.63124 6.53601 -5.43453
v 3.63124 6.53601 5.43453
v 3.63145 -7.68599 -3.63144
v 3.63145 -7.68599 3.63146
v 3.63145 7.68599 -3.63145
v 3.63145 7.68599 3.63146
v 3.68303 -7.11279 -4.48778
v 3.68303 -7.11279 4.48779
v 3.68303 7.1128 -4.48778
v 3.68303 7.1128 4.48779
v 3.69246 -1.91927 8.91439
v 3.69246 1.91928 8.91439
v 3.69247 -9.08904 -0.734477
v 3.69247 -9.08904 0.734479
v 3.69247 -1.91927 -8.91439
v 3.69247 1.91928 -8.91439
v 3.69247 9.08905 -0.734477
v 3.69247 9.08905 0.734479
v 3.80435 -8.11447 -2.03346
v 3.80435 -8.11447 2.03347
v 3.80435 8.11447 -2.03346
v 3.80435 8.11447 2.03347
v 3.805 -4.33801 -7.11867
v 3.805 -4.33801 7.11867
v 3.805 4.33802 -7.11867
v 3.805 4.33802 7.11867
v 3.8648 -8.17992 -3.86479
v 3.8648 -8.17992 3.8648
v 3.8648 -6.95645 -5.78408
v 3.8648 -6.95645 5.78408
v 3.8648 6.95645 -5.78408
v 3.8648 6.95645 5.78408
v 3.8648 8.17992 -3.8648
v 3.8648 8.17992 3.8648
v 3.92128 -7.56819 -4.77808
v 3.92128 -7.56819 4.77808
v 3.92128 7.56819 -4.77808
v 3.92128 7.56819 4.77808
v 4.05067 -8.63448 -2.16512
v 4.05067 -8.63448 2.16513
v 4.05067 -4.61522 -7.57826
v 4.05067 -4.61522 7.57827
v 4.05067 4.61523 -7.57826
v 4.05067 4.61523 7.57827
v 4.05067 8.63449 -2.16512
v 4.05067 8.63449 2.16513
v 4.12795 -8.11447 -1.2522
v 4.12795 -8.11447 1.25221
v 4.12795 8.11447 -1.25221
v 4.12795 8.11447 1.25221
v 4.12885 -2.67144 -7.72453
v 4.12885 -2.67144 7.72454
v 4.12885 2.67145 -7.72453
v 4.12885 2.67145 7.72454
v 4.26963 -5.135 6.38995
v 4.26963 5.135 -6.38994
v 4.27013 -7.68599 2.85321
v 4.27013 7.68599 -2.85321
v 4.29294 -8.11447 -0.422812
v 4.29294 8.11447 0.422814
v 4.29395 0.902061 8.03343
v 4.29396 -0.902053 -8.03343
v 4.39523 -8.63448 -1.33327
v 4.39523 -8.63448 1.33328
v 4.39523 -2.84203 -8.22289
v 4.39523 -2.84203 8.22289
v 4.39523 2.84204 -8.22289
v 4.39523 2.84204 8.22289
v 4.39523 8.63449 -1.33328
v 4.39523 8.63449 1.33328
v 4.48777 7.1128 -3.68302
v 4.48778 -7.11279 -3.68302
v 4.48778 -7.11279 3.68304
v 4.48778 7.1128 3.68304
v 4.48805 -5.83766 -5.46871
v 4.48805 -5.83766 5.46871
v 4.48805 5.83767 -5.46871
v 4.48805 5.83767 5.46871
v 4.54452 -8.17992 3.03655
v 4.54452 -5.46564 6.80136
v 4.54452 5.46565 -6.80135
v 4.54452 8.17992 -3.03655
v 4.57088 0.959642 8.55152
v 4.57089 -8.63448 -0.450191
v 4.57089 -0.959635 -8.55153
v 4.5709 8.63449 0.450193
v 4.62168 -6.536 -4.62168
v 4.62168 -6.536 4.62168
v 4.62168 6.53601 -4.62168
v 4.62168 6.53601 4.62168
v 4.74391 -3.53687 -7.09977
v 4.74391 -3.53687 7.09977
v 4.74391 3.53688 -7.09977
v 4.74391 3.53688 7.09977
v 4.74471 -7.68599 -1.96532
v 4.74471 -7.68599 1.96533
v 4.74471 7.68599 -1.96533
v 4.74471 7.68599 1.96533
v 4.77808 -7.56819 -3.92127
v 4.77808 -7.56819 3.92128
v 4.77808 -6.21105 -5.82211
v 4.77808 -6.21105 5.82211
v 4.77808 6.21106 -5.82211
v 4.77808 6.21106 5.82211
v 4.77808 7.56819 -3.92127
v 4.77808 7.56819 3.92128
v 4.91895 -6.95645 -4.91895
v 4.91895 -6.95645 4.91895
v 4.91895 6.95645 -4.91895
v 4.91895 6.95645 4.91895
v 5.03594 -1.80302 -7.53682
v 5.03594 1.80303 7.53682
v 5.03696 -7.68599 -1.00191
v 5.03698 7.68599 1.00191
v 5.0496 -8.17992 -2.09161
v 5.0496 -8.17992 2.09162
v 5.0496 -3.76479 -7.55726
v 5.0496 -3.76479 7.55726
v 5.0496 3.7648 -7.55726
v 5.0496 3.7648 7.55726
v 5.0496 8.17992 -2.09162
v 5.0496 8.17992 2.09162
v 5.12008 -7.11279 2.73674
v 5.12008 7.1128 -2.73674
v 5.12068 -4.33801 6.23956
v 5.12068 4.33802 -6.23956
v 5.13454 3.67896e-006 7.68438
v 5.13455 3.67896e-006 -7.68438
v 5.13565 -7.68599 1.00505e-006
v 5.13565 7.68599 1.00505e-006
v 5.36062 -8.17992 -1.06629
v 5.36062 -1.91927 -8.02274
v 5.36062 1.91928 8.02274
v 5.36063 8.17992 1.06629
v 5.4342 -5.135 -5.4342
v 5.4342 -5.135 5.4342
v 5.4342 5.135 -5.4342
v 5.4342 5.135 5.4342
v 5.43453 -6.536 -3.63123
v 5.43453 -6.536 3.63124
v 5.43453 6.53601 -3.63123
v 5.43453 6.53601 3.63124
v 5.45128 -7.56819 2.91377
v 5.45128 -4.61522 6.64241
v 5.45128 4.61523 -6.6424
v 5.45128 7.56819 -2.91377
v 5.46564 3.67896e-006 8.17991
v 5.46565 -8.17992 1.00505e-006
v 5.46565 3.67896e-006 -8.17992
v 5.46565 8.17992 1.00505e-006
v 5.46871 -5.83766 -4.48805
v 5.46871 -5.83766 4.48805
v 5.46871 5.83767 -4.48805
v 5.46871 5.83767 4.48805
v 5.5556 -7.11279 -1.68527
v 5.5556 7.1128 1.68528
v 5.5565 -2.67144 -6.7706
v 5.5565 2.67145 6.7706
v 5.77763 -7.11279 -0.569043
v 5.77763 -7.11279 0.569045
v 5.77764 7.1128 -0.569043
v 5.77764 7.1128 0.569045
v 5.77869 -0.902053 -7.04137
v 5.77869 -0.902053 7.04135
v 5.77869 0.902061 -7.04137
v 5.77869 0.902061 7.04135
v 5.78408 -6.95645 -3.86479
v 5.78408 -6.95645 3.8648
v 5.78408 -5.46564 -5.78408
v 5.78408 -5.46564 5.78408
v 5.78408 5.46565 -5.78408
v 5.78408 5.46565 5.78408
v 5.78408 6.95645 -3.86479
v 5.78408 6.95645 3.8648
v 5.82211 -6.21105 -4.77808
v 5.82211 -6.21105 4.77808
v 5.82211 6.21106 -4.77808
v 5.82211 6.21106 4.77808
v 5.91498 -7.56819 -1.79428
v 5.91498 -2.84203 -7.20742
v 5.91498 2.84204 7.20743
v 5.91498 7.56819 1.7943
v 6.15137 -7.56819 -0.605856
v 6.15137 -7.56819 0.605858
v 6.15137 -0.959635 -7.49548
v 6.15137 -0.959635 7.49547
v 6.15137 0.959642 -7.49548
v 6.15137 0.959642 7.49547
v 6.15138 7.56819 -0.605856
v 6.15138 7.56819 0.605858
v 6.23922 -5.83766 -3.33493
v 6.23922 5.83767 3.33493
v 6.23956 -4.33801 -5.12068
v 6.23956 4.33802 5.12068
v 6.38994 -5.135 -4.26963
v 6.38994 5.135 4.26963
v 6.40954 -1.80302 -6.40954
v 6.40954 -1.80302 6.40954
v 6.40954 1.80303 -6.40954
v 6.40954 1.80303 6.40954
v 6.41046 -6.536 -1.27512
v 6.41046 -6.536 1.27512
v 6.41046 6.53601 -1.27512
v 6.41046 6.53601 1.27512
v 6.53503 3.67896e-006 -6.53503
v 6.53503 3.67896e-006 6.53503
v 6.53605 -6.536 1.00505e-006
v 6.53605 6.53601 1.00505e-006
v 6.6424 -6.21105 -3.55044
v 6.6424 -4.61522 -5.45128
v 6.6424 4.61523 5.45128
v 6.6424 6.21106 3.55044
v 6.76993 -5.83766 2.05364
v 6.76993 5.83767 -2.05364
v 6.7706 -2.67144 5.5565
v 6.77061 2.67145 -5.5565
v 6.80135 -5.46564 -4.54452
v 6.80135 5.46565 4.54452
v 6.82278 -6.95645 -1.35714
v 6.82278 -6.95645 1.35714
v 6.82278 -1.91927 -6.82278
v 6.82278 -1.91927 6.82278
v 6.82278 1.91928 -6.82278
v 6.82278 1.91928 6.82278
v 6.82278 6.95645 -1.35714
v 6.82278 6.95645 1.35714
v 6.95645 -6.95645 1.00505e-006
v 6.95645 3.67896e-006 -6.95645
v 6.95645 3.67896e-006 6.95645
v 6.95645 6.95645 1.00505e-006
v 7.0405 -5.83766 -0.693433
v 7.0405 -5.83766 0.693426
v 7.0405 5.83767 -0.693424
v 7.0405 5.83767 0.693435
v 7.04137 -0.902053 -5.77869
v 7.04137 -0.902053 5.7787
v 7.04137 0.902061 -5.77869
v 7.04137 0.902061 5.7787
v 7.09977 -3.53687 -4.74391
v 7.09977 -3.53687 4.74392
v 7.09977 3.53688 -4.74391
v 7.09977 3.53688 4.74392
v 7.10012 -5.135 -2.94097
v 7.10012 -5.135 2.94097
v 7.10012 5.135 -2.94097
v 7.10012 5.135 2.94097
v 7.11867 -4.33801 -3.805
v 7.11867 -4.33801 3.80501
v 7.11867 4.33802 -3.805
v 7.11867 4.33802 3.80501
v 7.20742 -6.21105 2.18636
v 7.20742 -2.84203 5.91498
v 7.20742 2.84204 -5.91498
v 7.20742 6.21106 -2.18635
v 7.49548 -6.21105 -0.738245
v 7.49548 -6.21105 0.738237
v 7.49548 -0.959635 -6.15137
v 7.49548 -0.959635 6.15138
v 7.49548 0.959642 -6.15137
v 7.49548 0.959642 6.15138
v 7.49548 6.21106 -0.738235
v 7.49548 6.21106 0.738247
v 7.53682 -1.80302 5.03594
v 7.53682 1.80303 -5.03594
v 7.53745 -5.135 1.4993
v 7.53745 5.135 -1.4993
v 7.55726 -5.46564 -3.13032
v 7.55726 -5.46564 3.13032
v 7.55726 -3.76479 -5.0496
v 7.55726 -3.76479 5.0496
v 7.55726 3.7648 -5.0496
v 7.55726 3.7648 5.0496
v 7.55726 5.46565 -3.13032
v 7.55726 5.46565 3.13032
v 7.57826 -4.61522 -4.05067
v 7.57826 -4.61522 4.05067
v 7.57826 4.61523 -4.05067
v 7.57826 4.61523 4.05067
v 7.68438 3.67896e-006 -5.13454
v 7.68438 3.67896e-006 5.13454
v 7.68512 -5.135 1.00505e-006
v 7.68512 5.135 1.00505e-006
v 7.7242 -4.33801 -2.34311
v 7.7242 -4.33801 2.34311
v 7.7242 4.33802 -2.34311
v 7.7242 4.33802 2.34311
v 7.72453 -2.67144 -4.12885
v 7.72453 -2.67144 4.12884
v 7.72453 2.67145 -4.12885
v 7.72453 2.67145 4.12885
v 7.88885 -3.53687 -3.26766
v 7.88885 -3.53687 3.26766
v 7.88885 3.53688 -3.26766
v 7.88885 3.53688 3.26767
v 8.02274 -5.46564 1.59583
v 8.02274 -1.91927 5.36063
v 8.02274 1.91928 -5.36062
v 8.02274 5.46565 -1.59582
v 8.0329 -4.33801 0.791175
v 8.0329 4.33802 -0.791173
v 8.03343 -0.902053 4.29395
v 8.03343 0.902061 -4.29395
v 8.17992 -5.46564 1.00505e-006
v 8.17992 3.67896e-006 -5.46564
v 8.17992 3.67896e-006 5.46564
v 8.17992 5.46565 1.00505e-006
v 8.22289 -4.61522 -2.49439
v 8.22289 -4.61522 2.49439
v 8.22289 -2.84203 -4.39523
v 8.22289 -2.84203 4.39522
v 8.22289 2.84204 -4.39523
v 8.22289 2.84204 4.39523
v 8.22289 4.61523 -2.49439
v 8.22289 4.61523 2.49439
v 8.37446 -1.80302 -3.46881
v 8.37446 1.80303 -3.46881
v 8.37446 1.80303 3.46882
v 8.37447 -1.80302 3.46882
v 8.37475 -3.53687 -1.66584
v 8.37475 -3.53687 1.66584
v 8.37475 3.53688 -1.66584
v 8.37475 3.53688 1.66584
v 8.38161 -2.67144 -2.54253
v 8.38161 2.67145 -2.54253
v 8.38161 2.67145 2.54253
v 8.38162 -2.67144 2.54253
v 8.39718 -3.76479 -3.47822
v 8.39718 -3.76479 3.47822
v 8.39718 3.7648 -3.47822
v 8.39718 3.7648 3.47823
v 8.55153 -4.61522 0.842253
v 8.55153 -0.959635 4.57088
v 8.55153 0.959642 -4.57088
v 8.55153 4.61523 -0.842251
v 8.71658 -2.67144 -0.858513
v 8.71658 2.67145 0.858515
v 8.71677 -0.902053 -2.6442
v 8.71677 0.902061 2.6442
v 8.89029 -1.80302 -1.76839
v 8.89029 1.80303 1.76839
v 8.9144 -3.76479 -1.77318
v 8.9144 -3.76479 1.77318
v 8.9144 -1.91927 -3.69246
v 8.9144 -1.91927 3.69246
v 8.9144 1.91928 -3.69246
v 8.9144 1.91928 3.69246
v 8.9144 3.7648 -1.77318
v 8.9144 3.7648 1.77318
v 8.92236 -2.84203 -2.70656
v 8.92236 2.84204 -2.70656
v 8.92236 2.84204 2.70657
v 8.92237 -2.84203 2.70657
v 9.06435 3.67896e-006 -1.80301
v 9.06435 3.67896e-006 1.80301
v 9.06446 -1.80302 1.00505e-006
v 9.06446 1.80303 1.00505e-006
v 9.06515 -0.902053 -0.892838
v 9.06515 -0.902053 0.89284
v 9.06515 0.902061 -0.892838
v 9.06515 0.902061 0.89284
v 9.24193 3.67896e-006 1.00505e-006
v 9.27894 -2.84203 -0.913901
v 9.27894 -0.959635 -2.81473
v 9.27894 0.959642 2.81473
v 9.27894 2.84204 0.913903
v 9.46347 -1.91927 -1.8824
v 9.46347 1.91928 1.88241
v 9.64887 -1.91927 1.00505e-006
v 9.64887 3.67896e-006 -1.91928
v 9.64887 3.67896e-006 1.91928
v 9.64887 1.91928 1.00505e-006
v 9.64978 -0.959635 -0.950419
v 9.64978 -0.959635 0.950421
v 9.64978 0.959642 -0.950419
v 9.64978 0.959642 0.950421
v 9.8379 3.67896e-006 1.00505e-006


