
v -4.745920658111572 1.359739065170288 5.409312725067139
v -4.736944198608398 -0.1192336827516556 7.477054119110107
v -4.674441814422607 2.756949901580811 5.447108745574951
v -4.663758754730225 0.01939565874636173 5.23875904083252
v -4.647510051727295 -1.679970264434815 7.129367351531982
v -4.646459102630615 1.460466742515564 7.651790142059326
v -4.445505619049072 4.06794548034668 5.346991062164307
v -4.427955627441406 -1.264082908630371 4.935423374176025
v -4.399601936340332 -3.071103096008301 6.633347511291504
v -4.376054286956787 3.059110164642334 7.653553485870361
v -4.170209407806397 1.346357107162476 5.621076107025147
v -4.163034439086914 -0.08399701863527298 7.263935089111328
v -4.106764316558838 0.04075277969241142 5.495528221130371
v -4.091472148895264 1.412182569503784 7.395833969116211
v -4.087816715240479 2.695306301116943 5.61696195602417
v -4.077206134796143 -2.352006196975708 4.538842678070068
v -4.066258430480957 -1.566391944885254 6.970297336578369
v -4.059117317199707 5.292725563049316 5.108916282653809
v -3.993219614028931 -4.292623519897461 5.988971710205078
v -3.935907125473023 4.524587631225586 7.489192962646484
v -3.896226406097412 -1.221095085144043 5.238804340362549
v -3.859703540802002 3.943663597106934 5.481942653656006
v -3.853046417236328 2.921242475509644 7.364254951477051
v -3.823366165161133 -2.883283138275147 6.536575794219971
v -3.611508131027222 -3.244378805160523 4.04901647567749
v -3.574336767196655 -2.300076007843018 4.887930393218994
v -3.53277063369751 6.391619205474854 4.748616218566895
v -3.487678289413452 5.096017837524414 5.217804431915283
v -3.477969646453857 -5.304126262664795 5.248818397521973
v -3.459496736526489 4.290716648101807 7.181471347808838
v -3.432974576950073 -4.043946743011475 5.963766574859619
v -3.326019287109375 5.856922149658203 7.15868616104126
v -3.139747858047485 -3.199700117111206 4.440013885498047
v -3.080640554428101 -3.948689460754395 3.516014575958252
v -2.9910728931427 6.11864185333252 4.843172550201416
v -2.941520690917969 -5.009629726409912 5.299407958984375
v -2.912043809890747 5.530235767364502 6.845268726348877
v -2.866470098495483 7.364580631256104 4.266046047210693
v -2.853847503662109 -6.105584144592285 4.412842273712158
v -2.637784719467163 -3.926310777664185 3.941823720932007
v -2.588067531585693 6.999940395355225 6.700281143188477
v -2.484600305557251 -4.464963436126709 2.939860343933106
v -2.368728876113892 7.016510009765625 4.35565185546875
v -2.346071004867554 -5.785566329956055 4.540493011474609
v -2.249287605285645 6.588553428649902 6.395859718322754
v -2.177803993225098 -6.694510459899902 3.540631294250488
v -2.097149610519409 8.174153327941895 3.695904731750488
v -2.06659460067749 -4.478436470031738 3.390489339828491
v -1.862368106842041 -4.821691989898682 2.359275341033936
v -1.722050309181213 7.953619480133057 6.113999366760254
v -1.698744654655457 -6.367281436920166 3.741860389709473
v -1.656147837638855 7.757997035980225 3.791162014007568
v -1.470111608505249 7.473377704620361 5.827436447143555
v -1.462570548057556 -4.880148410797119 2.822811841964722
v -1.449839472770691 -7.070905208587647 2.632161855697632
v -1.22481644153595 8.820315361022949 3.038168907165527
v -1.213941097259522 -5.018874645233154 1.774236917495728
v -0.9978674650192261 -6.754164695739746 2.900686025619507
v -0.8517673015594482 8.34493350982666 3.14549732208252
v -0.8261896967887878 1.112463712692261 5.520732879638672
v -0.8252245783805847 -5.128440856933594 2.238044738769531
v -0.8140283226966858 2.038813829421997 5.302301406860352
v -0.8101221919059753 0.07348699867725372 7.419999122619629
v -0.7869295477867127 8.693501472473145 5.455314159393311
v -0.7691146731376648 -1.105326175689697 7.424972534179688
v -0.7530356645584106 0.1704305410385132 5.650620460510254
v -0.7453839182853699 1.208579897880554 7.293163299560547
v -0.7417219281196594 2.839638710021973 5.018790245056152
v -0.7140398621559143 -7.256989002227783 1.733774185180664
v -0.627094566822052 8.161471366882324 5.194340229034424
v -0.6225396394729614 -2.195930480957031 7.307697296142578
v -0.6032441258430481 3.504992246627808 4.669544219970703
v -0.5960466861724854 -0.7851454615592957 5.689908027648926
v -0.5735164284706116 2.299267768859863 7.043220520019531
v -0.5669429302215576 -5.08562707901001 1.211600422859192
v -0.4183516204357147 4.077394485473633 4.27138090133667
v -0.371961772441864 -3.195631265640259 7.070256233215332
v -0.3674249351024628 -1.640077233314514 5.651728630065918
v -0.3308185636997223 3.221345663070679 6.706429481506348
v -0.291332334280014 9.283332824707031 2.332103967666626
v -0.2865196764469147 1.925156354904175 5.008008003234863
v -0.2841709852218628 -6.964571952819824 2.06048321723938
v -0.2692902088165283 1.082467198371887 5.262946128845215
v -0.2564935386180878 2.629751920700073 4.70218563079834
v -0.2519952356815338 0.08220575749874115 7.675976753234863
v -0.2346118837594986 -1.075648188591003 7.726137638092041
v -0.1836151629686356 4.555420398712158 3.826289653778076
v -0.1818972826004028 -5.247410774230957 1.663088440895081
v -0.1791847795248032 3.196231365203857 4.345502376556397
v -0.1788005083799362 0.2208349704742432 5.437682628631592
v -0.1698262840509415 1.183194637298584 7.505422592163086
v -0.1151900812983513 -2.157798290252686 7.652535915374756
v -0.06719985604286194 -2.382638216018677 5.533391952514648
v -0.06719985604286194 3.680768013000488 3.953962802886963
v -0.02574243023991585 -4.097384929656982 6.720806121826172
v -0.01507296599447727 -0.6597604155540466 5.532193660736084
v -0.0138522582128644 3.9684157371521 6.281795501708984
v 0.005836695898324251 8.761497497558594 2.458103895187378
v 0.01187205500900745 2.227316379547119 7.214452743530273
v 0.02959440462291241 -7.252717018127441 0.8454229831695557
v 0.07862452417612076 -5.02194881439209 0.6713876128196716
v 0.07950623333454132 4.083384990692139 3.527543067932129
v 0.09413154423236847 4.95475959777832 3.338746786117554
v 0.1063157096505165 -3.164239645004273 7.455173015594482
v 0.207201361656189 -1.438700556755066 5.55803108215332
v 0.2173057347536087 9.219563484191895 4.72424840927124
v 0.2531120777130127 3.086394309997559 6.844387054443359
v 0.2655673325061798 4.428539276123047 3.065023899078369
v 0.2807127237319946 8.655548095703125 4.491734027862549
v 0.2941173315048218 -3.043665170669556 5.345251083374023
v 0.3404122889041901 4.573165416717529 5.80456018447876
v 0.4138783812522888 -4.903182983398438 6.261270523071289
v 0.4164553582668304 5.277647972106934 2.811531782150269
v 0.4253842830657959 -4.087483882904053 7.138228893280029
v 0.4424057602882385 -6.996037483215332 1.220393538475037
v 0.467225968837738 -5.235045909881592 1.09803307056427
v 0.4880224764347076 -2.115983486175537 5.515217304229736
v 0.491051584482193 4.716254711151123 2.566381454467773
v 0.5539158582687378 3.760427713394165 6.395272254943848
v 0.6987003684043884 -4.852344036102295 0.1763170659542084
v 0.7032891511917114 9.563180923461914 1.57768714427948
v 0.7144108414649963 -3.62329626083374 5.087938785552979
v 0.733579695224762 5.032022953033447 5.276757717132568
v 0.7477304339408875 -7.083111763000488 0.002281693508848548
v 0.7529972791671753 4.940608978271484 2.037923574447632
v 0.7728896737098694 5.51802921295166 2.253845930099487
v 0.8227109909057617 -2.732047080993652 5.405425071716309
v 0.8420382738113403 -4.927505493164063 6.701682090759277
v 0.877505362033844 4.289089202880859 5.905627250671387
v 0.9165440201759338 9.007304191589356 1.726269364356995
v 0.9297680854797363 -5.588586807250977 5.709551811218262
v 1.051405191421509 5.10162353515625 1.479627013206482
v 1.0976322889328 -5.111532211303711 0.5665234923362732
v 1.143316626548767 5.374035358428955 4.718529224395752
v 1.150052905082703 -6.869472503662109 0.4141886830329895
v 1.164791345596314 5.677778244018555 1.667677283287048
v 1.190221905708313 -4.12317705154419 4.764100551605225
v 1.208011984825134 8.959471702575684 3.765708684921265
v 1.211289763450623 -3.28689169883728 5.228699684143066
v 1.223903179168701 4.672423839569092 5.37549638748169
v 1.239320039749146 9.537727355957031 3.968745946884155
v 1.293277978897095 -4.576812744140625 -0.273550420999527
v 1.34101939201355 -5.655813694000244 6.161062717437744
v 1.372395157814026 5.18641471862793 0.9085812568664551
v 1.440368056297302 -6.748174667358398 -0.7957175970077515
v 1.52106785774231 -6.156671047210693 5.065718173980713
v 1.570730686187744 5.599316596984863 4.132654190063477
v 1.573985815048218 5.74597692489624 1.070523023605347
v 1.575794339179993 4.947887420654297 4.824433326721191
v 1.656448483467102 -3.782999992370606 4.979706287384033
v 1.709027647972107 -4.875062465667725 0.06860462576150894
v 1.715989947319031 5.195004940032959 0.3247863054275513
v 1.719742298126221 -4.54652214050293 4.37457275390625
v 1.720511078834534 9.647972106933594 0.8105210065841675
v 1.838621735572815 -6.58290958404541 -0.3584297001361847
v 1.841447353363037 -4.220378398895264 -0.6591114401817322
v 1.845538973808289 9.07337760925293 0.9852343797683716
v 1.922305345535278 -6.272408485412598 5.516393184661865
v 1.933178305625916 5.115503311157227 4.252460479736328
v 1.997602224349976 5.722987651824951 3.535500049591065
v 2.002032518386841 5.722987651824951 0.463851809501648
v 2.06645679473877 5.115503311157227 -0.2531088292598724
v 2.077330112457275 -6.272408485412598 -1.517047643661499
v 2.154096126556397 9.07337760925293 3.014117479324341
v 2.158187627792358 -4.220378398895264 4.658467769622803
v 2.16101336479187 -6.58290958404541 4.357777118682861
v 2.279124021530151 9.647972106933594 3.188831090927124
v 2.279892444610596 -4.54652214050293 -0.3752138912677765
v 2.283645153045654 5.195004940032959 3.67456579208374
v 2.290607213973999 -4.875062465667725 3.930747270584106
v 2.343186616897583 -3.782999992370606 -0.9803568124771118
v 2.423840999603272 4.947887420654297 -0.8250858187675476
v 2.425649166107178 5.74597692489624 2.928829193115234
v 2.428904533386231 5.599316596984863 -0.1333027631044388
v 2.478567600250244 -6.156671047210693 -1.066377758979797
v 2.559266805648804 -6.748174667358398 4.795069217681885
v 2.627239942550659 5.18641471862793 3.090770959854126
v 2.658615589141846 -5.655813694000244 -2.161722183227539
v 2.706357479095459 -4.576812744140625 4.272895336151123
v 2.760315418243408 9.537727355957031 0.03060560114681721
v 2.775731801986694 4.672423839569092 -1.376144289970398
v 2.788345336914063 -3.28689169883728 -1.229345560073853
v 2.791623115539551 8.959471702575684 0.2336431443691254
v 2.809413194656372 -4.12317705154419 -0.7647555470466614
v 2.834843635559082 5.677778244018555 2.331674337387085
v 2.849582195281982 -6.869472503662109 3.585163116455078
v 2.856318473815918 5.374035358428955 -0.7191885113716126
v 2.902003049850464 -5.111532211303711 3.432806015014648
v 2.948229789733887 5.10162353515625 2.51972508430481
v 3.069867372512817 -5.588586807250977 -1.710199952125549
v 3.083090782165527 9.007304191589356 2.273082494735718
v 3.122129678726196 4.289089202880859 -1.906279683113098
v 3.157597064971924 -4.927505493164063 -2.702328443527222
v 3.176923990249634 -2.732047080993652 -1.406077742576599
v 3.226745128631592 5.51802921295166 1.745506167411804
v 3.246637582778931 4.940608978271484 1.96142852306366
v 3.251904726028442 -7.083111763000488 3.997070074081421
v 3.266055107116699 5.032022953033447 -1.277405977249146
v 3.285224199295044 -3.62329626083374 -1.088593721389771
v 3.296345949172974 9.563180923461914 2.421664953231812
v 3.300934553146362 -4.852344036102295 3.823034524917603
v 3.445719480514526 3.760427713394165 -2.395911931991577
v 3.508583545684815 4.716254711151123 1.432970404624939
v 3.511612892150879 -2.115983486175537 -1.515856385231018
v 3.532409191131592 -5.235045909881592 2.901318788528442
v 3.557229518890381 -6.996037483215332 2.778958082199097
v 3.574251174926758 -4.087483882904053 -3.138870000839233
v 3.583179712295532 5.277647972106934 1.187819719314575
v 3.58575701713562 -4.903182983398438 -2.261925220489502
v 3.659223079681397 4.573165416717529 -1.805203914642334
v 3.705517768859863 -3.043665170669556 -1.345912456512451
v 3.71892237663269 8.655548095703125 -0.4923752248287201
v 3.734067678451538 4.428539276123047 0.9343281984329224
v 3.746523380279541 3.086394309997559 -2.845044374465942
v 3.782329082489014 9.219563484191895 -0.7248961925506592
v 3.792433738708496 -1.438700556755066 -1.55868136882782
v 3.893319606781006 -3.164239645004273 -3.455822706222534
v 3.905503511428833 4.95475959777832 0.6606050133705139
v 3.92012882232666 4.083384990692139 0.4718087613582611
v 3.921010494232178 -5.02194881439209 3.327964305877686
v 3.970040321350098 -7.252717018127441 3.153929233551025
v 3.987762928009033 2.227316379547119 -3.215098381042481
v 3.993798732757568 8.761497497558594 1.541247844696045
v 4.013487339019775 3.9684157371521 -2.282430171966553
v 4.014708042144775 -0.6597604155540466 -1.532837152481079
v 4.025377750396729 -4.097384929656982 -2.7214515209198
v 4.066835403442383 -2.382638216018677 -1.534030675888062
v 4.066835403442383 3.680768013000488 0.04538936167955399
v 4.114825248718262 -2.157798290252686 -3.653193235397339
v 4.169461250305176 1.183194637298584 -3.506071329116821
v 4.178435325622559 0.2208349704742432 -1.438321471214294
v 4.17881965637207 3.196231365203857 -0.3461484014987946
v 4.181532859802246 -5.247410774230957 2.336263418197632
v 4.183250427246094 4.555420398712158 0.1730618476867676
v 4.234247207641602 -1.075648188591003 -3.726797103881836
v 4.251630306243897 0.08220575749874115 -3.676636695861816
v 4.256128787994385 2.629751920700073 -0.7028361558914185
v 4.268922805786133 1.082467198371887 -1.263592123985291
v 4.283797264099121 -6.964571952819824 1.938868522644043
v 4.286148071289063 1.925156354904175 -1.008651494979858
v 4.290963172912598 9.283332824707031 1.667247772216797
v 4.330453395843506 3.221323013305664 -2.70708179473877
v 4.367051124572754 -1.640077471733093 -1.652374267578125
v 4.371594905853272 -3.195628881454468 -3.070896863937378
v 4.417980194091797 4.077394485473633 -0.2720268070697784
v 4.566584587097168 -5.08562707901001 2.787751436233521
v 4.573163032531738 2.299267768859863 -3.043870449066162
v 4.595677375793457 -0.7851431965827942 -1.6905517578125
v 4.602888584136963 3.504992246627808 -0.670187771320343
v 4.622169971466065 -2.195930480957031 -3.30835485458374
v 4.62671422958374 8.161471366882324 -1.1949862241745
v 4.713675022125244 -7.256989002227783 2.265577793121338
v 4.741366386413574 2.839638710021973 -1.019429564476013
v 4.745028495788574 1.208579897880554 -3.293806314468384
v 4.752668380737305 0.1704305410385132 -1.651250839233398
v 4.768740653991699 -1.105324029922485 -3.425617933273315
v 4.786553382873535 8.693501472473145 -1.455960035324097
v 4.809768199920654 0.07348699867725372 -3.420649528503418
v 4.813656806945801 2.038813829421997 -1.302954077720642
v 4.824868679046631 -5.128440856933594 1.761306881904602
v 4.825818061828613 1.112463712692261 -1.521376490592957
v 4.851407051086426 8.34493350982666 0.8538545370101929
v 4.997502326965332 -6.754164695739746 1.098666071891785
v 5.213582992553711 -5.018874645233154 2.225114822387695
v 5.224456310272217 8.820315361022949 0.9611829519271851
v 5.449465751647949 -7.070905208587647 1.367189884185791
v 5.462214469909668 -4.880148410797119 1.176539897918701
v 5.469764709472656 7.473377704620361 -1.828071117401123
v 5.655780792236328 7.757997035980225 0.20818991959095
v 5.698368072509766 -6.367281436920166 0.257491409778595
v 5.721696853637695 7.953619480133057 -2.114640712738037
v 5.862005233764648 -4.821691989898682 1.640076637268066
v 6.066218376159668 -4.478436470031738 0.6088623404502869
v 6.096779823303223 8.174153327941895 0.3034470975399017
v 6.17743444442749 -6.694510459899902 0.4587205052375794
v 6.248911380767822 6.588553428649902 -2.396507263183594
v 6.345705509185791 -5.785566329956055 -0.5411362648010254
v 6.368355751037598 7.016510009765625 -0.3563093841075897
v 6.484228610992432 -4.464963436126709 1.059491634368897
v 6.587691783905029 6.999940395355225 -2.700936794281006
v 6.63742208480835 -3.926310777664185 0.05752825736999512
v 6.853480339050293 -6.105584144592285 -0.4134930372238159
v 6.86609411239624 7.364580631256104 -0.2666943669319153
v 6.911665916442871 5.530235767364502 -2.845916986465454
v 6.941164493560791 -5.009629726409912 -1.300049304962158
v 6.990692138671875 6.11864185333252 -0.8438162803649902
v 7.080275535583496 -3.948689460754395 0.4833373129367828
v 7.139388084411621 -3.199700117111206 -0.4406551122665405
v 7.325652122497559 5.856922149658203 -3.159336566925049
v 7.432618618011475 -4.043946743011475 -1.964428544044495
v 7.459134578704834 4.290716648101807 -3.182122230529785
v 7.477602958679199 -5.304126262664795 -1.249461770057678
v 7.487322330474854 5.096017837524414 -1.218465805053711
v 7.53239631652832 6.391619205474854 -0.7492598295211792
v 7.573966979980469 -2.300076007843018 -0.8885763287544251
v 7.611152172088623 -3.244378805160523 -0.04966437816619873
v 7.822982788085938 -2.883287668228149 -2.537222623825073
v 7.852685928344727 2.921219825744629 -3.36490797996521
v 7.85933256149292 3.943663597106934 -1.482588648796082
v 7.895862102508545 -1.221095085144043 -1.239436507225037
v 7.93553352355957 4.524587631225586 -3.489838600158691
v 7.99285888671875 -4.292623519897461 -1.989628553390503
v 8.058752059936523 5.292725563049316 -1.109573364257813
v 8.065895080566406 -1.566388368606567 -2.970949172973633
v 8.076836585998535 -2.352006196975708 -0.5394815802574158
v 8.087460517883301 2.695306301116943 -1.617610216140747
v 8.091100692749023 1.412182569503784 -3.39648699760437
v 8.106403350830078 0.04075048863887787 -1.496174216270447
v 8.162667274475098 -0.08399473130702972 -3.264594078063965
v 8.169855117797852 1.346357107162476 -1.621731042861939
v 8.375696182250977 3.059110164642334 -3.654205799102783
v 8.399228096008301 -3.071103096008301 -2.633993625640869
v 8.427597999572754 -1.264082908630371 -0.9360602498054504
v 8.445138931274414 4.06794548034668 -1.347630500793457
v 8.646096229553223 1.460466742515564 -3.652440547943115
v 8.647136688232422 -1.679970264434815 -3.130020141601563
v 8.663390159606934 0.01939565874636173 -1.2393958568573
v 8.674080848693848 2.756949901580811 -1.447759032249451
v 8.736583709716797 -0.1192336827516556 -3.477711200714111
v 8.74555778503418 1.359739065170288 -1.409961342811585
