# Rhino

g object_1
v -18.01156997680664 -6.785969734191895 -0.7422539591789246
v -17.75961303710938 -4.494260311126709 -1.925567150115967
v -17.63424873352051 -9.02838134765625 0.3928150832653046
v -17.58919143676758 -7.898543834686279 -2.843420267105103
v -17.3796272277832 -5.674045085906982 -3.998201131820679
v -17.12613296508789 -10.07931709289551 -1.719438076019287
v -16.77729034423828 -2.291271924972534 -3.104196786880493
v -16.76675987243652 -11.14594459533691 1.482073545455933
v -16.61268043518066 -5.722180366516113 1.070430874824524
v -16.41060447692871 -3.559593915939331 -5.124138355255127
v -16.38940620422363 -3.787277936935425 0.05843425914645195
v -16.35610961914063 -7.648741245269775 2.087863206863403
v -16.14425468444824 -12.11862659454346 -0.6342922449111939
v -15.70156860351563 -9.518381118774414 3.1104576587677
v -15.5894718170166 -1.924184799194336 -0.9216660261154175
v -15.55671977996826 -8.503615379333496 -4.182491779327393
v -15.51371383666992 -13.0751371383667 2.537589550018311
v -15.43945980072022 -6.736740589141846 -5.123143672943115
v -15.08583164215088 -10.27602863311768 -3.192771434783936
v -15.00159645080566 -0.3774902522563934 -4.169873237609863
v -14.76451015472412 -13.94512271881104 0.418967604637146
v -14.71517848968506 -11.27243614196777 4.136025905609131
v -14.67275428771973 -5.094955921173096 -5.971505641937256
v -14.66225719451904 -1.765035152435303 -6.110002994537354
v -14.3250732421875 -5.416379451751709 1.386179447174072
v -14.18251514434815 -4.024397373199463 0.6311649084091187
v -14.14528560638428 -11.9500846862793 -2.180511474609375
v -14.14384937286377 -6.860086441040039 2.235686302185059
v -14.10074043273926 -0.2447874695062637 -1.817352414131165
v -13.94512271881104 -14.76451015472412 3.581038475036621
v -13.6588077545166 -8.320955276489258 3.165259122848511
v -13.63901329040527 -2.703044652938843 -0.03154523298144341
v -13.44746589660645 -12.84218883514404 5.160534858703613
v -13.26911354064941 -8.19781494140625 -3.866753101348877
v -13.25243091583252 -3.713639497756958 -6.667677879333496
v -13.23256778717041 -6.973860740661621 -4.550431251525879
v -13.0751371383667 -15.51371383666992 1.462416052818298
v -12.90129852294922 -9.738851547241211 4.148606777191162
v -12.87357234954834 -9.487373352050781 -3.04495120048523
v -12.84218883514404 -13.44746589660645 -1.160528898239136
v -12.7222957611084 -5.873798847198486 -5.0813889503479
v -12.56028461456299 -1.455392003059387 -0.6207885146141052
v -12.43929767608643 1.115226984024048 -5.032900333404541
v -12.2926025390625 -6.021451473236084 0.04708432406187058
v -12.24234867095947 -5.087092876434326 -0.4937845766544342
v -12.16200923919678 -0.4049490392208099 -6.880613803863525
v -12.11862659454346 -16.14425468444824 4.634298324584961
v -12.10354995727539 -7.056797027587891 0.7623737454414368
v -12.10252380371094 -10.75265979766846 -2.125727415084839
v -11.9500846862793 -14.14528560638428 6.18053150177002
v -11.91388130187988 -11.02830791473389 5.147953987121582
v -11.90116405487061 -4.238406181335449 -0.878898561000824
v -11.87022590637207 -7.134025573730469 -2.054068326950073
v -11.86277198791504 1.138460278511047 -2.565228939056397
v -11.8623628616333 -6.266878128051758 -2.566418647766113
v -11.71197414398193 -4.924261093139648 -5.471110343933106
v -11.65983963012695 -8.152414321899414 1.619025945663452
v -11.59543132781982 -8.107731819152832 -1.349889397621155
v -11.53447723388672 -5.506735324859619 -2.898843765258789
v -11.27243614196777 -14.71517848968506 -0.1360200345516205
v -11.1695671081543 -2.661976337432861 -7.184513568878174
v -11.15045738220215 -3.404003143310547 -1.178443074226379
v -11.14594459533691 -16.76675987243652 2.517932415008545
v -11.03733253479004 -9.125096321105957 -0.4973399341106415
v -11.02830791473389 -11.91388130187988 -1.147948265075684
v -10.97897624969482 -9.241194725036621 2.569110155105591
v -10.81679439544678 -0.3507322371006012 -1.122718334197998
v -10.81111907958984 -4.791548252105713 -3.118589401245117
v -10.75265979766846 -12.10252380371094 6.125730037689209
v -10.27602863311768 -15.08583164215088 7.192767143249512
v -10.22977352142334 -10.11117935180664 0.4504878222942352
v -10.12358951568604 -4.151161670684815 -5.741999626159668
v -10.11117935180664 -10.22977352142334 3.549517869949341
v -10.07931709289551 -17.12613296508789 5.719454288482666
v -9.824352264404297 -2.607759475708008 -1.426614761352539
v -9.738851547241211 -12.90129852294922 -0.1486007273197174
v -9.547063827514648 -4.127949237823486 -3.274327278137207
v -9.518381118774414 -15.70156860351563 0.8895484209060669
v -9.487373352050781 -12.87357234954834 7.044943332672119
v -9.241194725036621 -10.97897624969482 1.430895805358887
v -9.166941642761231 2.123637199401856 -5.622150897979736
v -9.125096321105957 -11.03733253479004 4.497345924377441
v -9.02838134765625 -17.63424873352051 3.607190847396851
v -8.984588623046875 0.5014685392379761 -7.39682674407959
v -8.866507530212402 2.112488985061646 -3.090942621231079
v -8.503615379333496 -15.55671977996826 8.18250846862793
v -8.410627365112305 -1.94292950630188 -7.52763557434082
v -8.320955276489258 -13.6588077545166 0.8347471952438355
v -8.283623695373535 0.4754626750946045 -1.49067747592926
v -8.19781494140625 -13.26911354064941 7.866758823394775
v -8.152414321899414 -11.65983963012695 2.380980014801025
v -8.107731819152832 -11.59543132781982 5.34989595413208
v -7.898543834686279 -17.58919143676758 6.843412399291992
v -7.827743053436279 -3.579969644546509 -5.927370548248291
v -7.709662437438965 -1.968935370445252 -1.621486186981201
v -7.648741245269775 -16.35610961914063 1.912143111228943
v -7.527309417724609 -3.591114044189453 -3.396162033081055
v -7.134025573730469 -11.87022590637207 6.054074287414551
v -7.056797027587891 -12.10354995727539 3.237632274627686
v -6.973860740661621 -13.23256778717041 8.550425529479981
v -6.860086441040039 -14.14384937286377 1.76431930065155
v -6.785969734191895 -18.01156997680664 4.742259979248047
v -6.736740589141846 -15.43945980072022 9.123156547546387
v -6.266878128051758 -11.8623628616333 6.566431522369385
v -6.021451473236084 -12.2926025390625 3.952921628952026
v -5.873798847198486 -12.7222957611084 9.081380844116211
v -5.722180366516113 -16.61268043518066 2.929575204849243
v -5.674045085906982 -17.3796272277832 7.998207092285156
v -5.506735324859619 -11.53447723388672 6.898863792419434
v -5.456412315368652 2.683541059494019 -5.944409370422363
v -5.416379451751709 -14.3250732421875 2.613826036453247
v -5.377133369445801 1.005039572715759 -7.677284717559815
v -5.340724468231201 2.673668146133423 -3.388859748840332
v -5.142441272735596 -1.522586107254028 -7.721054077148438
v -5.107160091400147 0.9820078611373901 -1.714337587356567
v -5.094955921173096 -14.67275428771973 9.971501350402832
v -5.087092876434326 -12.24234867095947 4.493790626525879
v -4.924261093139648 -11.71197414398193 9.471109390258789
v -4.908876895904541 -3.214246273040772 -6.046531677246094
v -4.872502326965332 -1.545617699623108 -1.758106708526611
v -4.793189525604248 -3.224119424819946 -3.490982532501221
v -4.791548252105713 -10.81111907958984 7.118582248687744
v -4.494260311126709 -17.75961303710938 5.92556619644165
v -4.238406181335449 -11.90116405487061 4.878904342651367
v -4.151161670684815 -10.12358951568604 9.742005348205566
v -4.127949237823486 -9.547063827514648 7.274336338043213
v -4.024397373199463 -14.18251514434815 3.36884069442749
v -3.787277936935425 -16.38940620422363 3.941571712493897
v -3.713639497756958 -13.25243091583252 10.66767978668213
v -3.591114044189453 -7.527309417724609 7.396178245544434
v -3.579969644546509 -7.827743053436279 9.927366256713867
v -3.559593915939331 -16.41060447692871 9.124148368835449
v -3.404003143310547 -11.15045738220215 5.178448677062988
v -3.224119424819946 -4.793189525604248 7.490978240966797
v -3.214246273040772 -4.908876895904541 10.04654216766357
v -3.037897109985352 -1.642373085021973 7.542463302612305
v -3.035921335220337 -1.66551411151886 10.10479545593262
v -2.929781675338745 1.775021195411682 10.08438587188721
v -2.927805423736572 1.751880168914795 7.522053718566895
v -2.703044652938843 -13.63901329040527 4.031551361083984
v -2.683541059494019 5.456412315368652 9.944425582885742
v -2.673668146133423 5.340724468231201 7.388862133026123
v -2.661976337432861 -11.1695671081543 11.18451690673828
v -2.607759475708008 -9.824352264404297 5.426610946655273
v -2.291271924972534 -16.77729034423828 7.104189395904541
v -2.123637199401856 9.166941642761231 9.622146606445313
v -2.112488985061646 8.866507530212402 7.090959072113037
v -1.968935370445252 -7.709662437438965 5.621475219726563
v -1.94292950630188 -8.410627365112305 11.52764892578125
v -1.924184799194336 -15.5894718170166 4.921671867370606
v -1.775021195411682 2.929781675338745 -6.084362983703613
v -1.765035152435303 -14.66225719451904 10.11002635955811
v -1.759158372879028 1.226610779762268 -7.798408508300781
v -1.751880168914795 2.927805423736572 -3.522047996520996
v -1.712226986885071 -1.330121517181397 -7.807163715362549
v -1.705167412757874 1.222005844116211 -1.819673657417297
v -1.66551411151886 -3.035921335220337 -6.104789733886719
v -1.658235669136047 -1.334726333618164 -1.828428983688355
v -1.642373085021973 -3.037897109985352 -3.542474508285523
v -1.545617699623108 -4.872502326965332 5.758119106292725
v -1.522586107254028 -5.142441272735596 11.72104358673096
v -1.455392003059387 -12.56028461456299 4.620794296264648
v -1.334726333618164 -1.658235669136047 5.828441619873047
v -1.330121517181397 -1.712226986885071 11.80715942382813
v -1.226610779762268 1.759158372879028 11.79840755462647
v -1.222005844116211 1.705167412757874 5.819690227508545
v -1.138460278511047 11.86277198791504 6.565235137939453
v -1.115226984024048 12.43929767608643 9.032903671264648
v -1.005039572715759 5.377133369445801 11.67728424072266
v -0.9820078611373901 5.107160091400147 5.714360237121582
v -0.5014685392379761 8.984588623046875 11.3968505859375
v -0.4754626750946045 8.283623695373535 5.490676403045654
v -0.4049490392208099 -12.16200923919678 10.88063049316406
v -0.3774902522563934 -15.00159645080566 8.169893264770508
v -0.3507322371006012 -10.81679439544678 5.122724533081055
v -0.2447874695062637 -14.10074043273926 5.817365646362305
v 0.2447874695062637 14.10074043273926 5.817365646362305
v 0.3507322371006012 10.81679439544678 5.122724533081055
v 0.3774902522563934 15.00159645080566 8.169893264770508
v 0.4049490392208099 12.16200923919678 10.88063049316406
v 0.4754626750946045 -8.283623695373535 5.490676403045654
v 0.5014685392379761 -8.984588623046875 11.3968505859375
v 0.9820078611373901 -5.107160091400147 5.714360237121582
v 1.005039572715759 -5.377133369445801 11.67728424072266
v 1.115226984024048 -12.43929767608643 9.032903671264648
v 1.138460278511047 -11.86277198791504 6.565235137939453
v 1.222005844116211 -1.705167412757874 5.819690227508545
v 1.226610779762268 -1.759158372879028 11.79840755462647
v 1.330121517181397 1.712226986885071 11.80715942382813
v 1.334726333618164 1.658235669136047 5.828441619873047
v 1.455392003059387 12.56028461456299 4.620794296264648
v 1.522586107254028 5.142441272735596 11.72104358673096
v 1.545617699623108 4.872502326965332 5.758119106292725
v 1.642373085021973 3.037897109985352 -3.542474508285523
v 1.658235669136047 1.334726333618164 -1.828428983688355
v 1.66551411151886 3.035921335220337 -6.104789733886719
v 1.705167412757874 -1.222005844116211 -1.819673657417297
v 1.712226986885071 1.330121517181397 -7.807163715362549
v 1.751880168914795 -2.927805423736572 -3.522047996520996
v 1.759158372879028 -1.226610779762268 -7.798408508300781
v 1.765035152435303 14.66225719451904 10.11002635955811
v 1.775021195411682 -2.929781675338745 -6.084362983703613
v 1.924184799194336 15.5894718170166 4.921671867370606
v 1.94292950630188 8.410627365112305 11.52764892578125
v 1.968935370445252 7.709662437438965 5.621475219726563
v 2.112488985061646 -8.866507530212402 7.090959072113037
v 2.123637199401856 -9.166941642761231 9.622146606445313
v 2.291271924972534 16.77729034423828 7.104189395904541
v 2.607759475708008 9.824352264404297 5.426610946655273
v 2.661976337432861 11.1695671081543 11.18451690673828
v 2.673668146133423 -5.340724468231201 7.388862133026123
v 2.683541059494019 -5.456412315368652 9.944425582885742
v 2.703044652938843 13.63901329040527 4.031551361083984
v 2.927805423736572 -1.751880168914795 7.522053718566895
v 2.929781675338745 -1.775021195411682 10.08438587188721
v 3.035921335220337 1.66551411151886 10.10479545593262
v 3.037897109985352 1.642373085021973 7.542463302612305
v 3.214246273040772 4.908876895904541 10.04654216766357
v 3.224119424819946 4.793189525604248 7.490978240966797
v 3.404003143310547 11.15045738220215 5.178448677062988
v 3.559593915939331 16.41060447692871 9.124148368835449
v 3.579969644546509 7.827743053436279 9.927366256713867
v 3.591114044189453 7.527309417724609 7.396178245544434
v 3.713639497756958 13.25243091583252 10.66767978668213
v 3.787277936935425 16.38940620422363 3.941571712493897
v 4.024397373199463 14.18251514434815 3.36884069442749
v 4.127949237823486 9.547063827514648 7.274336338043213
v 4.151161670684815 10.12358951568604 9.742005348205566
v 4.238406181335449 11.90116405487061 4.878904342651367
v 4.494260311126709 17.75961303710938 5.92556619644165
v 4.791548252105713 10.81111907958984 7.118582248687744
v 4.793189525604248 3.224119424819946 -3.490982532501221
v 4.872502326965332 1.545617699623108 -1.758106708526611
v 4.908876895904541 3.214246273040772 -6.046531677246094
v 4.924261093139648 11.71197414398193 9.471109390258789
v 5.087092876434326 12.24234867095947 4.493790626525879
v 5.094955921173096 14.67275428771973 9.971501350402832
v 5.107160091400147 -0.9820078611373901 -1.714337587356567
v 5.142441272735596 1.522586107254028 -7.721054077148438
v 5.340724468231201 -2.673668146133423 -3.388859748840332
v 5.377133369445801 -1.005039572715759 -7.677284717559815
v 5.416379451751709 14.3250732421875 2.613826036453247
v 5.456412315368652 -2.683541059494019 -5.944409370422363
v 5.506735324859619 11.53447723388672 6.898863792419434
v 5.674045085906982 17.3796272277832 7.998207092285156
v 5.722180366516113 16.61268043518066 2.929575204849243
v 5.873798847198486 12.7222957611084 9.081380844116211
v 6.021451473236084 12.2926025390625 3.952921628952026
v 6.266878128051758 11.8623628616333 6.566431522369385
v 6.736740589141846 15.43945980072022 9.123156547546387
v 6.785969734191895 18.01156997680664 4.742259979248047
v 6.860086441040039 14.14384937286377 1.76431930065155
v 6.973860740661621 13.23256778717041 8.550425529479981
v 7.056797027587891 12.10354995727539 3.237632274627686
v 7.134025573730469 11.87022590637207 6.054074287414551
v 7.527309417724609 3.591114044189453 -3.396162033081055
v 7.648741245269775 16.35610961914063 1.912143111228943
v 7.709662437438965 1.968935370445252 -1.621486186981201
v 7.827743053436279 3.579969644546509 -5.927370548248291
v 7.898543834686279 17.58919143676758 6.843412399291992
v 8.107731819152832 11.59543132781982 5.34989595413208
v 8.152414321899414 11.65983963012695 2.380980014801025
v 8.19781494140625 13.26911354064941 7.866758823394775
v 8.283623695373535 -0.4754626750946045 -1.49067747592926
v 8.320955276489258 13.6588077545166 0.8347471952438355
v 8.410627365112305 1.94292950630188 -7.52763557434082
v 8.503615379333496 15.55671977996826 8.18250846862793
v 8.866507530212402 -2.112488985061646 -3.090942621231079
v 8.984588623046875 -0.5014685392379761 -7.39682674407959
v 9.02838134765625 17.63424873352051 3.607190847396851
v 9.125096321105957 11.03733253479004 4.497345924377441
v 9.166941642761231 -2.123637199401856 -5.622150897979736
v 9.241194725036621 10.97897624969482 1.430895805358887
v 9.487373352050781 12.87357234954834 7.044943332672119
v 9.518381118774414 15.70156860351563 0.8895484209060669
v 9.547063827514648 4.127949237823486 -3.274327278137207
v 9.738851547241211 12.90129852294922 -0.1486007273197174
v 9.824352264404297 2.607759475708008 -1.426614761352539
v 10.07931709289551 17.12613296508789 5.719454288482666
v 10.11117935180664 10.22977352142334 3.549517869949341
v 10.12358951568604 4.151161670684815 -5.741999626159668
v 10.22977352142334 10.11117935180664 0.4504878222942352
v 10.27602863311768 15.08583164215088 7.192767143249512
v 10.75265979766846 12.10252380371094 6.125730037689209
v 10.81111907958984 4.791548252105713 -3.118589401245117
v 10.81679439544678 0.3507322371006012 -1.122718334197998
v 10.97897624969482 9.241194725036621 2.569110155105591
v 11.02830791473389 11.91388130187988 -1.147948265075684
v 11.03733253479004 9.125096321105957 -0.4973399341106415
v 11.14594459533691 16.76675987243652 2.517932415008545
v 11.15045738220215 3.404003143310547 -1.178443074226379
v 11.1695671081543 2.661976337432861 -7.184513568878174
v 11.27243614196777 14.71517848968506 -0.1360200345516205
v 11.53447723388672 5.506735324859619 -2.898843765258789
v 11.59543132781982 8.107731819152832 -1.349889397621155
v 11.65983963012695 8.152414321899414 1.619025945663452
v 11.71197414398193 4.924261093139648 -5.471110343933106
v 11.8623628616333 6.266878128051758 -2.566418647766113
v 11.86277198791504 -1.138460278511047 -2.565228939056397
v 11.87022590637207 7.134025573730469 -2.054068326950073
v 11.90116405487061 4.238406181335449 -0.878898561000824
v 11.91388130187988 11.02830791473389 5.147953987121582
v 11.9500846862793 14.14528560638428 6.18053150177002
v 12.10252380371094 10.75265979766846 -2.125727415084839
v 12.10354995727539 7.056797027587891 0.7623737454414368
v 12.11862659454346 16.14425468444824 4.634298324584961
v 12.16200923919678 0.4049490392208099 -6.880613803863525
v 12.24234867095947 5.087092876434326 -0.4937845766544342
v 12.2926025390625 6.021451473236084 0.04708432406187058
v 12.43929767608643 -1.115226984024048 -5.032900333404541
v 12.56028461456299 1.455392003059387 -0.6207885146141052
v 12.7222957611084 5.873798847198486 -5.0813889503479
v 12.84218883514404 13.44746589660645 -1.160528898239136
v 12.87357234954834 9.487373352050781 -3.04495120048523
v 12.90129852294922 9.738851547241211 4.148606777191162
v 13.0751371383667 15.51371383666992 1.462416052818298
v 13.23256778717041 6.973860740661621 -4.550431251525879
v 13.25243091583252 3.713639497756958 -6.667677879333496
v 13.26911354064941 8.19781494140625 -3.866753101348877
v 13.44746589660645 12.84218883514404 5.160534858703613
v 13.63901329040527 2.703044652938843 -0.03154523298144341
v 13.6588077545166 8.320955276489258 3.165259122848511
v 13.94512271881104 14.76451015472412 3.581038475036621
v 14.10074043273926 0.2447874695062637 -1.817352414131165
v 14.14384937286377 6.860086441040039 2.235686302185059
v 14.14528560638428 11.9500846862793 -2.180511474609375
v 14.18251514434815 4.024397373199463 0.6311649084091187
v 14.3250732421875 5.416379451751709 1.386179447174072
v 14.66225719451904 1.765035152435303 -6.110002994537354
v 14.67275428771973 5.094955921173096 -5.971505641937256
v 14.71517848968506 11.27243614196777 4.136025905609131
v 14.76451015472412 13.94512271881104 0.418967604637146
v 15.00159645080566 0.3774902522563934 -4.169873237609863
v 15.08583164215088 10.27602863311768 -3.192771434783936
v 15.43945980072022 6.736740589141846 -5.123143672943115
v 15.51371383666992 13.0751371383667 2.537589550018311
v 15.55671977996826 8.503615379333496 -4.182491779327393
v 15.5894718170166 1.924184799194336 -0.9216660261154175
v 15.70156860351563 9.518381118774414 3.1104576587677
v 16.14425468444824 12.11862659454346 -0.6342922449111939
v 16.35610961914063 7.648741245269775 2.087863206863403
v 16.38940620422363 3.787277936935425 0.05843425914645195
v 16.41060447692871 3.559593915939331 -5.124138355255127
v 16.61268043518066 5.722180366516113 1.070430874824524
v 16.76675987243652 11.14594459533691 1.482073545455933
v 16.77729034423828 2.291271924972534 -3.104196786880493
v 17.12613296508789 10.07931709289551 -1.719438076019287
v 17.3796272277832 5.674045085906982 -3.998201131820679
v 17.58919143676758 7.898543834686279 -2.843420267105103
v 17.63424873352051 9.02838134765625 0.3928150832653046
v 17.75961303710938 4.494260311126709 -1.925567150115967
v 18.01156997680664 6.785969734191895 -0.7422539591789246
