v -9.65695 -3.35684 -1.11273e-006
v -9.65695 3.35684 -1.11273e-006
v -9.63995 -4.18497 -1.11273e-006
v -9.63995 4.18497 -1.11273e-006
v -9.51144 -4.67314 -0.744884
v -9.51144 -4.67314 0.744881
v -9.51144 4.67311 -0.744884
v -9.51144 4.67311 0.744881
v -9.4131 -3.75146 -1.27694
v -9.4131 -3.75146 1.27694
v -9.41307 3.75146 -1.27694
v -9.41307 3.75146 1.27694
v -9.19705 -2.41974 -1.11273e-006
v -9.19702 2.41974 -1.11273e-006
v -9.13356 -5.64482 -1.11273e-006
v -9.13356 5.64482 -1.11273e-006
v -9.09214 -5.07139 -1.43425
v -9.09214 -5.07139 1.43425
v -9.09212 5.07137 -1.43425
v -9.09212 5.07137 1.43425
v -8.8922 -2.91299 -1.59618
v -8.8922 -2.91299 1.59618
v -8.89218 2.913 -1.59618
v -8.89218 2.913 1.59618
v -8.84998 -4.66258 -2.11271
v -8.84998 -4.66258 2.11271
v -8.84998 4.66258 -2.11271
v -8.84998 4.66258 2.11271
v -8.76656 -5.87837 -1.20524
v -8.76656 -5.87837 1.20524
v -8.76656 5.87837 -1.20524
v -8.76656 5.87837 1.20524
v -8.32765 -1.66481 -1.11273e-006
v -8.32765 1.66482 -1.11273e-006
v -8.3062 -6.62326 -1.11273e-006
v -8.3062 6.62324 -1.11273e-006
v -8.20572 -6.50563 -0.886418
v -8.20572 -6.50563 0.886416
v -8.20572 6.50563 -0.886418
v -8.20572 6.50563 0.886416
v -8.18832 -4.05191 -2.64088
v -8.18832 -4.05191 2.64088
v -8.18829 4.05191 -2.64088
v -8.18829 4.05191 2.64088
v -8.13617 -5.81758 -2.06614
v -8.13617 -5.81758 2.06613
v -8.13614 5.81758 -2.06614
v -8.13614 5.81758 2.06613
v -8.00247 -2.19094 -1.70259
v -8.00247 -2.19094 1.70259
v -8.00247 2.19095 -1.70259
v -8.00247 2.19095 1.70259
v -7.54426 -6.7753 -1.30573
v -7.54426 -6.7753 1.30573
v -7.54426 6.7753 -1.30573
v -7.54426 6.7753 1.30573
v -7.34697 -7.09453 -1.11273e-006
v -7.34697 7.09454 -1.11273e-006
v -7.29604 -5.49567 -2.58267
v -7.29604 -5.49567 2.58267
v -7.29601 5.49567 -2.58267
v -7.29601 5.49567 2.58267
v -7.27099 -1.27292 -1.11273e-006
v -7.27099 1.27292 -1.11273e-006
v -7.25167 -3.40578 -2.81696
v -7.25167 -3.40578 2.81695
v -7.25167 3.40578 -2.81696
v -7.25167 3.40578 2.81695
v -7.09453 1.11273e-006 -7.34698
v -7.09453 1.11273e-006 7.34697
v -7.09183 1.11273e-006 -6.30956
v -7.09183 1.11273e-006 6.30956
v -6.97021 -1.75959 -1.57489
v -6.97021 -1.75959 1.57489
v -6.97021 1.75959 -1.57489
v -6.97021 1.75959 1.57489
v -6.7753 -1.30573 -7.54426
v -6.7753 -1.30573 7.54426
v -6.7753 1.30573 -7.54426
v -6.7753 1.30573 7.54426
v -6.69279 -1.63216 -6.55617
v -6.69279 -1.63216 6.55616
v -6.69279 1.63216 -6.55617
v -6.69279 1.63216 6.55616
v -6.64839 1.11273e-006 -5.24767
v -6.64839 1.11273e-006 5.24767
v -6.62326 1.11273e-006 8.3062
v -6.62324 1.11273e-006 -8.30621
v -6.55616 -6.69279 -1.63216
v -6.55616 -6.69279 1.63216
v -6.55616 6.69279 -1.63216
v -6.55616 6.69279 1.63216
v -6.50563 -0.886416 -8.20572
v -6.50563 -0.886416 8.20572
v -6.50563 0.886418 -8.20572
v -6.50563 0.886418 8.20572
v -6.30956 -7.09183 -1.11273e-006
v -6.30956 7.09183 -1.11273e-006
v -6.29991 -4.94581 -2.75485
v -6.29991 -4.94581 2.75485
v -6.29991 4.94581 -2.75485
v -6.29989 4.94581 2.75485
v -6.27572 -2.88332 -2.60568
v -6.27572 -2.88332 2.60568
v -6.27572 2.88332 -2.60568
v -6.27572 2.88332 2.60568
v -6.2493 -1.42492 -1.11273e-006
v -6.2493 1.42492 -1.11273e-006
v -6.22273 -1.74097 -5.51072
v -6.22273 -1.74097 5.51072
v -6.22273 1.74097 -5.51072
v -6.22273 1.74097 5.51072
v -6.02168 -1.79321 -1.19181
v -6.02168 -1.79321 1.19181
v -6.02168 1.79321 -1.19181
v -6.02168 1.79321 1.19181
v -5.88271 1.11273e-006 -4.42201
v -5.88271 1.11273e-006 4.42201
v -5.87837 -1.20524 -8.76657
v -5.87837 -1.20524 8.76656
v -5.87837 1.20524 -8.76657
v -5.87837 1.20524 8.76656
v -5.81758 -2.06613 -8.13614
v -5.81758 -2.06613 8.13617
v -5.81758 2.06614 -8.13614
v -5.81758 2.06614 8.13617
v -5.64482 1.11273e-006 -9.13356
v -5.64482 1.11273e-006 9.13356
v -5.51072 -6.22273 -1.74097
v -5.51072 -6.22273 1.74097
v -5.51072 6.22274 -1.74097
v -5.51072 6.22274 1.74097
v -5.49612 -2.64361 -1.97186
v -5.49612 -2.64361 1.97186
v -5.49612 2.64361 -1.97186
v -5.49612 2.64361 1.97186
v -5.49567 -2.58267 -7.29601
v -5.49567 -2.58267 7.29604
v -5.49567 2.58267 -7.29601
v -5.49567 2.58267 7.29604
v -5.489 -1.6104 -4.66533
v -5.489 -1.6104 4.66533
v -5.489 1.6104 -4.66533
v -5.489 1.6104 4.66533
v -5.39533 -4.30783 -2.54823
v -5.39533 -4.30783 2.54822
v -5.39533 4.30784 -2.54823
v -5.39533 4.30784 2.54822
v -5.33502 -1.6433 -1.11273e-006
v -5.33502 1.64331 -1.11273e-006
v -5.24767 -6.64839 -1.11273e-006
v -5.24767 6.64837 -1.11273e-006
v -5.18057 -1.89321 -0.808729
v -5.18057 -1.89321 0.808727
v -5.18057 1.89322 -0.808729
v -5.18057 1.89322 0.808727
v -5.07139 -1.43425 9.09214
v -5.07139 1.43425 9.09214
v -5.07137 -1.43425 -9.09212
v -5.07137 1.43425 -9.09212
v -4.94581 -2.75485 -6.29989
v -4.94581 -2.75485 6.29991
v -4.94581 2.75485 -6.29991
v -4.94581 2.75485 6.29991
v -4.91343 1.11273e-006 -4.09333
v -4.91343 1.11273e-006 4.09333
v -4.82989 -3.72161 -1.92839
v -4.82989 -3.72161 1.92839
v -4.82989 3.72161 -1.92839
v -4.82989 3.72161 1.92839
v -4.82393 -2.47027 -1.33805
v -4.82393 -2.47027 1.33805
v -4.82393 2.47027 -1.33805
v -4.82393 2.47027 1.33805
v -4.67314 -0.744881 9.51144
v -4.67314 0.744884 9.51144
v -4.67311 -0.744881 -9.51144
v -4.67311 0.744884 -9.51144
v -4.66533 -5.489 -1.6104
v -4.66533 -5.489 1.6104
v -4.66533 5.489 -1.6104
v -4.66533 5.489 1.6104
v -4.66258 -2.11271 -8.84998
v -4.66258 -2.11271 8.84998
v -4.66258 2.11271 -8.84998
v -4.66258 2.11271 8.84998
v -4.61546 -1.21868 -4.27746
v -4.61546 -1.21868 4.27745
v -4.61546 1.21868 -4.27746
v -4.61546 1.21868 4.27745
v -4.60061 -1.45056 -1.11273e-006
v -4.60061 1.45056 -1.11273e-006
v -4.47055 -1.66101 -0.681036
v -4.47055 -1.66101 0.681034
v -4.47055 1.66102 -0.681036
v -4.47055 1.66102 0.681034
v -4.42201 -5.88271 -1.11273e-006
v -4.42201 5.88271 -1.11273e-006
v -4.37185 -3.20178 -1.30855
v -4.37185 -3.20178 1.30855
v -4.37185 3.20178 -1.30855
v -4.37185 3.20178 1.30855
v -4.30783 -2.54822 -5.39533
v -4.30783 -2.54822 5.39533
v -4.30783 2.54823 -5.39533
v -4.30783 2.54823 5.39533
v -4.27745 -4.61546 -1.21868
v -4.27745 -4.61546 1.21868
v -4.27745 4.61546 -1.21868
v -4.27745 4.61546 1.21868
v -4.18497 1.11273e-006 -9.63996
v -4.18497 1.11273e-006 9.63995
v -4.17022 -2.14695 -1.12678
v -4.17022 -2.14695 1.12678
v -4.17022 2.14695 -1.12678
v -4.17022 2.14695 1.12678
v -4.09333 -4.91343 -1.11273e-006
v -4.09333 4.91341 -1.11273e-006
v -4.08474 -0.88877 -1.11273e-006
v -4.08474 0.888772 -1.11273e-006
v -4.05191 -2.64088 -8.1883
v -4.05191 -2.64088 8.18832
v -4.05191 2.64088 -8.1883
v -4.05191 2.64088 8.18832
v -4.01049 1.11273e-006 -3.87203
v -4.01049 1.11273e-006 3.87202
v -3.99698 -3.80831 -0.82696
v -3.99698 -3.80831 0.826958
v -3.99698 3.80831 -0.82696
v -3.99698 3.80831 0.826958
v -3.92215 -1.04661 -0.851295
v -3.92215 -1.04661 0.851292
v -3.92215 1.04661 -0.851295
v -3.92215 1.04661 0.851292
v -3.87202 -4.01049 -1.11273e-006
v -3.87202 4.01049 -1.11273e-006
v -3.82609 1.11273e-006 0
v -3.80831 -0.826958 -3.99698
v -3.80831 -0.826958 3.99698
v -3.80831 0.82696 -3.99698
v -3.80831 0.82696 3.99698
v -3.78952 -2.76296 -1.10194
v -3.78952 -2.76296 1.10194
v -3.78952 2.76296 -1.10194
v -3.78952 2.76296 1.10194
v -3.75146 -1.27694 -9.41307
v -3.75146 -1.27694 9.4131
v -3.75146 1.27694 -9.41307
v -3.75146 1.27694 9.4131
v -3.72161 -1.92839 -4.82989
v -3.72161 -1.92839 4.82989
v -3.72161 1.92839 -4.82989
v -3.72161 1.92839 4.82989
v -3.57928 -1.70664 -1.32334
v -3.57928 -1.70664 1.32334
v -3.57928 1.70664 -1.32334
v -3.57928 1.70664 1.32334
v -3.56594 1.11273e-006 -1.36207
v -3.56594 1.11273e-006 1.36207
v -3.47384 -3.27373 -0.696388
v -3.47384 -3.27373 0.696386
v -3.47384 3.27373 -0.696388
v -3.47384 3.27373 0.696386
v -3.44399 1.11273e-006 -3.36863
v -3.44399 1.11273e-006 3.36863
v -3.40578 -2.81695 -7.25167
v -3.40578 -2.81695 7.25167
v -3.40578 2.81696 -7.25167
v -3.40578 2.81696 7.25167
v -3.36863 -3.44399 -1.11273e-006
v -3.36863 3.44399 -1.11273e-006
v -3.35684 1.11273e-006 -9.65695
v -3.35684 1.11273e-006 9.65695
v -3.27532 1.11273e-006 -2.54474
v -3.27532 1.11273e-006 2.54474
v -3.27373 -0.696386 -3.47384
v -3.27373 -0.696386 3.47384
v -3.27373 0.696388 -3.47384
v -3.27373 0.696388 3.47384
v -3.20178 -1.30855 -4.37186
v -3.20178 -1.30855 4.37185
v -3.20178 1.30855 -4.37186
v -3.20178 1.30855 4.37185
v -3.09536 -1.18232 -1.91304
v -3.09536 -1.18232 1.91304
v -3.09536 1.18232 -1.91304
v -3.09536 1.18232 1.91304
v -3.07086 -2.42403 -1.37742
v -3.07086 -2.42403 1.37742
v -3.07086 2.42403 -1.37742
v -3.07086 2.42403 1.37742
v -3.02997 -0.817871 -2.7614
v -3.02997 -0.817871 2.76139
v -3.02997 0.817873 -2.7614
v -3.02997 0.817873 2.76139
v -2.91299 -1.59618 -8.89218
v -2.91299 -1.59618 8.8922
v -2.91299 1.59618 -8.89218
v -2.91299 1.59618 8.8922
v -2.88332 -2.60568 -6.27572
v -2.88332 -2.60568 6.27572
v -2.88332 2.60568 -6.27572
v -2.88332 2.60568 6.27572
v -2.81695 -7.25167 -3.40578
v -2.81695 -7.25167 3.40578
v -2.81695 7.25167 -3.40578
v -2.81695 7.25167 3.40578
v -2.76296 -1.10194 -3.78952
v -2.76296 -1.10194 3.78952
v -2.76296 1.10194 -3.78952
v -2.76296 1.10194 3.78952
v -2.76139 -3.02997 -0.817873
v -2.76139 -3.02997 0.817871
v -2.76139 3.02997 -0.817873
v -2.76139 3.02997 0.817871
v -2.75485 -6.29991 4.94581
v -2.75485 -6.29989 -4.94581
v -2.75485 6.29989 4.94581
v -2.75485 6.29991 -4.94581
v -2.64361 -1.97186 -5.49612
v -2.64361 -1.97186 5.49612
v -2.64361 1.97186 -5.49612
v -2.64361 1.97186 5.49612
v -2.64088 -8.18832 4.05191
v -2.64088 -8.18829 -4.05191
v -2.64088 8.1883 -4.05191
v -2.64088 8.1883 4.05191
v -2.60568 -6.27572 -2.88332
v -2.60568 -6.27572 2.88332
v -2.60568 6.27572 -2.88332
v -2.60568 6.27572 2.88332
v -2.58267 -7.29604 5.49567
v -2.58267 -7.29601 -5.49567
v -2.58267 7.29601 -5.49567
v -2.58267 7.29601 5.49567
v -2.54822 -5.39533 -4.30784
v -2.54822 -5.39533 4.30783
v -2.54822 5.39533 -4.30784
v -2.54822 5.39533 4.30783
v -2.54474 -3.27532 -1.11273e-006
v -2.54474 3.27532 -1.11273e-006
v -2.47027 -1.33805 -4.82393
v -2.47027 -1.33805 4.82393
v -2.47027 1.33805 -4.82393
v -2.47027 1.33805 4.82393
v -2.42403 -1.37742 -3.07086
v -2.42403 -1.37742 3.07086
v -2.42403 1.37742 -3.07086
v -2.42403 1.37742 3.07086
v -2.41974 1.11273e-006 -9.19702
v -2.41974 1.11273e-006 9.19705
v -2.20387 -2.20387 -2.20388
v -2.20387 -2.20387 2.20387
v -2.20387 2.20388 -2.20388
v -2.20387 2.20388 2.20387
v -2.19094 -1.70259 -8.00247
v -2.19094 -1.70259 8.00247
v -2.19094 1.70259 -8.00247
v -2.19094 1.70259 8.00247
v -2.14695 -1.12678 -4.17023
v -2.14695 -1.12678 4.17022
v -2.14695 1.12678 -4.17023
v -2.14695 1.12678 4.17022
v -2.11271 -8.84998 -4.66258
v -2.11271 -8.84998 4.66258
v -2.11271 8.84998 -4.66258
v -2.11271 8.84998 4.66258
v -2.06613 -8.13617 5.81758
v -2.06613 -8.13614 -5.81758
v -2.06613 8.13614 -5.81758
v -2.06613 8.13614 5.81758
v -1.97186 -5.49612 -2.64361
v -1.97186 -5.49612 2.64361
v -1.97186 5.49612 -2.64361
v -1.97186 5.49612 2.64361
v -1.92839 -4.82989 -3.72161
v -1.92839 -4.82989 3.72161
v -1.92839 4.82989 -3.72161
v -1.92839 4.82989 3.72161
v -1.91304 -3.09536 -1.18232
v -1.91304 -3.09536 1.18232
v -1.91304 3.09536 -1.18232
v -1.91304 3.09536 1.18232
v -1.89321 -0.808727 -5.18057
v -1.89321 -0.808727 5.18057
v -1.89321 0.808729 -5.18057
v -1.89321 0.808729 5.18057
v -1.79321 -1.19181 -6.02169
v -1.79321 -1.19181 6.02168
v -1.79321 1.19181 -6.02169
v -1.79321 1.19181 6.02168
v -1.75959 -1.57489 -6.97021
v -1.75959 -1.57489 6.97021
v -1.75959 1.57489 -6.97021
v -1.75959 1.57489 6.97021
v -1.74097 -5.51072 -6.22274
v -1.74097 -5.51072 6.22273
v -1.74097 5.51072 -6.22274
v -1.74097 5.51072 6.22273
v -1.70664 -1.32334 -3.57928
v -1.70664 -1.32334 3.57928
v -1.70664 1.32334 -3.57928
v -1.70664 1.32334 3.57928
v -1.70259 -8.00247 -2.19095
v -1.70259 -8.00247 2.19094
v -1.70259 8.00247 -2.19095
v -1.70259 8.00247 2.19094
v -1.66481 1.11273e-006 -8.32765
v -1.66481 1.11273e-006 8.32765
v -1.66101 -0.681034 -4.47055
v -1.66101 -0.681034 4.47055
v -1.66101 0.681036 -4.47055
v -1.66101 0.681036 4.47055
v -1.6433 1.11273e-006 -5.33503
v -1.6433 1.11273e-006 5.33502
v -1.63216 -6.55616 -6.69279
v -1.63216 -6.55616 6.69279
v -1.63216 6.55617 -6.69279
v -1.63216 6.55617 6.69279
v -1.6104 -4.66533 -5.489
v -1.6104 -4.66533 5.489
v -1.6104 4.66533 -5.489
v -1.6104 4.66533 5.489
v -1.59618 -8.8922 2.91299
v -1.59618 -8.89218 -2.913
v -1.59618 8.89218 -2.913
v -1.59618 8.89218 2.91299
v -1.57489 -6.97021 -1.75959
v -1.57489 -6.97021 1.75959
v -1.57489 6.97021 -1.75959
v -1.57489 6.97021 1.75959
v -1.45056 1.11273e-006 -4.60061
v -1.45056 1.11273e-006 4.60061
v -1.43425 -9.09214 5.07139
v -1.43425 -9.09212 -5.07137
v -1.43425 9.09212 -5.07137
v -1.43425 9.09212 5.07137
v -1.42492 1.11273e-006 -6.2493
v -1.42492 1.11273e-006 6.2493
v -1.37742 -3.07086 -2.42403
v -1.37742 -3.07086 2.42403
v -1.37742 3.07086 -2.42403
v -1.37742 3.07086 2.42403
v -1.36207 -3.56594 -1.11273e-006
v -1.36207 3.56594 -1.11273e-006
v -1.33805 -4.82393 -2.47027
v -1.33805 -4.82393 2.47027
v -1.33805 4.82393 -2.47027
v -1.33805 4.82393 2.47027
v -1.32334 -3.57928 -1.70664
v -1.32334 -3.57928 1.70664
v -1.32334 3.57928 -1.70664
v -1.32334 3.57928 1.70664
v -1.30855 -4.37185 -3.20178
v -1.30855 -4.37185 3.20178
v -1.30855 4.37186 -3.20178
v -1.30855 4.37186 3.20178
v -1.30573 -7.54426 -6.7753
v -1.30573 -7.54426 6.7753
v -1.30573 7.54426 -6.7753
v -1.30573 7.54426 6.7753
v -1.27694 -9.4131 3.75146
v -1.27694 -9.41307 -3.75146
v -1.27694 9.41307 -3.75146
v -1.27694 9.41307 3.75146
v -1.27292 1.11273e-006 -7.27099
v -1.27292 1.11273e-006 7.27099
v -1.21868 -4.27745 -4.61546
v -1.21868 -4.27745 4.61546
v -1.21868 4.27746 -4.61546
v -1.21868 4.27746 4.61546
v -1.20524 -8.76656 -5.87837
v -1.20524 -8.76656 5.87837
v -1.20524 8.76657 -5.87837
v -1.20524 8.76657 5.87837
v -1.19181 -6.02168 -1.79321
v -1.19181 -6.02168 1.79321
v -1.19181 6.02169 -1.79321
v -1.19181 6.02169 1.79321
v -1.18232 -1.91304 -3.09536
v -1.18232 -1.91304 3.09536
v -1.18232 1.91304 -3.09536
v -1.18232 1.91304 3.09536
v -1.12678 -4.17022 -2.14695
v -1.12678 -4.17022 2.14695
v -1.12678 4.17023 -2.14695
v -1.12678 4.17023 2.14695
v -1.10194 -3.78952 -2.76296
v -1.10194 -3.78952 2.76296
v -1.10194 3.78952 -2.76296
v -1.10194 3.78952 2.76296
v -1.04661 -0.851292 -3.92215
v -1.04661 -0.851292 3.92215
v -1.04661 0.851295 -3.92215
v -1.04661 0.851295 3.92215
v -0.88877 1.11273e-006 -4.08474
v -0.88877 1.11273e-006 4.08474
v -0.886416 -8.20572 -6.50563
v -0.886416 -8.20572 6.50563
v -0.886416 8.20572 -6.50563
v -0.886416 8.20572 6.50563
v -0.851292 -3.92215 -1.04661
v -0.851292 -3.92215 1.04661
v -0.851292 3.92215 -1.04661
v -0.851292 3.92215 1.04661
v -0.826958 -3.99698 -3.80831
v -0.826958 -3.99698 3.80831
v -0.826958 3.99698 -3.80831
v -0.826958 3.99698 3.80831
v -0.817871 -2.76139 -3.02997
v -0.817871 -2.76139 3.02997
v -0.817871 2.7614 -3.02997
v -0.817871 2.7614 3.02997
v -0.808727 -5.18057 -1.89322
v -0.808727 -5.18057 1.89321
v -0.808727 5.18057 -1.89322
v -0.808727 5.18057 1.89321
v -0.744881 -9.51144 -4.67311
v -0.744881 -9.51144 4.67314
v -0.744881 9.51144 -4.67311
v -0.744881 9.51144 4.67311
v -0.696386 -3.47384 -3.27373
v -0.696386 -3.47384 3.27373
v -0.696386 3.47384 -3.27373
v -0.696386 3.47384 3.27373
v -0.681034 -4.47055 -1.66102
v -0.681034 -4.47055 1.66101
v -0.681034 4.47055 -1.66102
v -0.681034 4.47055 1.66101
v 1.11273e-006 -9.65695 -3.35684
v 1.11273e-006 -9.65695 3.35684
v 1.11273e-006 -9.63995 -4.18497
v 1.11273e-006 -9.63995 4.18497
v 1.11273e-006 -9.19705 2.41974
v 1.11273e-006 -9.19702 -2.41974
v 1.11273e-006 -9.13356 -5.64482
v 1.11273e-006 -9.13356 5.64482
v 1.11273e-006 -8.32765 -1.66482
v 1.11273e-006 -8.32765 1.66481
v 1.11273e-006 -8.3062 -6.62324
v 1.11273e-006 -8.3062 6.62326
v 1.11273e-006 -7.34697 -7.09454
v 1.11273e-006 -7.34697 7.09453
v 1.11273e-006 -7.27099 -1.27292
v 1.11273e-006 -7.27099 1.27292
v 1.11273e-006 -6.30956 -7.09183
v 1.11273e-006 -6.30956 7.09183
v 1.11273e-006 -6.2493 -1.42492
v 1.11273e-006 -6.2493 1.42492
v 1.11273e-006 -5.33502 -1.64331
v 1.11273e-006 -5.33502 1.6433
v 1.11273e-006 -5.24767 -6.64837
v 1.11273e-006 -5.24767 6.64837
v 1.11273e-006 -4.60061 -1.45056
v 1.11273e-006 -4.60061 1.45056
v 1.11273e-006 -4.42201 -5.88271
v 1.11273e-006 -4.42201 5.88271
v 1.11273e-006 -4.09333 -4.91341
v 1.11273e-006 -4.09333 4.9134
v 1.11273e-006 -4.08474 -0.888772
v 1.11273e-006 -4.08474 0.88877
v 1.11273e-006 -3.87202 -4.01049
v 1.11273e-006 -3.87202 4.01049
v 1.11273e-006 -3.82609 0
v 1.11273e-006 -3.36863 -3.44399
v 1.11273e-006 -3.36863 3.44399
v 1.11273e-006 -2.54474 -3.27532
v 1.11273e-006 -2.54474 3.27532
v 1.11273e-006 -1.36207 -3.56594
v 1.11273e-006 -1.36207 3.56594
v 1.11273e-006 1.11273e-006 -3.82609
v 1.11273e-006 1.11273e-006 3.82609
v 1.11273e-006 1.36207 -3.56594
v 1.11273e-006 1.36207 3.56594
v 1.11273e-006 2.54474 -3.27532
v 1.11273e-006 2.54474 3.27532
v 1.11273e-006 3.36863 -3.44399
v 1.11273e-006 3.36863 3.44399
v 1.11273e-006 3.82609 -1.11273e-006
v 1.11273e-006 3.87203 -4.01049
v 1.11273e-006 3.87203 4.01049
v 1.11273e-006 4.08474 -0.888772
v 1.11273e-006 4.08474 0.88877
v 1.11273e-006 4.09333 -4.91343
v 1.11273e-006 4.09333 4.91343
v 1.11273e-006 4.42201 -5.88271
v 1.11273e-006 4.42201 5.88271
v 1.11273e-006 4.60061 -1.45056
v 1.11273e-006 4.60061 1.45056
v 1.11273e-006 5.24767 -6.6484
v 1.11273e-006 5.24767 6.64839
v 1.11273e-006 5.33503 -1.64331
v 1.11273e-006 5.33503 1.6433
v 1.11273e-006 6.2493 -1.42492
v 1.11273e-006 6.2493 1.42492
v 1.11273e-006 6.30956 -7.09183
v 1.11273e-006 6.30956 7.09183
v 1.11273e-006 7.27099 -1.27292
v 1.11273e-006 7.27099 1.27292
v 1.11273e-006 7.34698 -7.09454
v 1.11273e-006 7.34698 7.09453
v 1.11273e-006 8.30621 -6.62324
v 1.11273e-006 8.30621 6.62324
v 1.11273e-006 8.32765 -1.66482
v 1.11273e-006 8.32765 1.66481
v 1.11273e-006 9.13356 -5.64482
v 1.11273e-006 9.13356 5.64482
v 1.11273e-006 9.19702 -2.41974
v 1.11273e-006 9.19702 2.41974
v 1.11273e-006 9.63996 -4.18497
v 1.11273e-006 9.63996 4.18497
v 1.11273e-006 9.65695 -3.35684
v 1.11273e-006 9.65695 3.35684
v 0.681036 -4.47055 -1.66102
v 0.681036 -4.47055 1.66101
v 0.681036 4.47055 -1.66102
v 0.681036 4.47055 1.66101
v 0.696388 -3.47384 -3.27373
v 0.696388 -3.47384 3.27373
v 0.696388 3.47384 -3.27373
v 0.696388 3.47384 3.27373
v 0.744884 -9.51144 -4.67311
v 0.744884 -9.51144 4.67314
v 0.744884 9.51144 -4.67311
v 0.744884 9.51144 4.67311
v 0.808729 -5.18057 -1.89322
v 0.808729 -5.18057 1.89321
v 0.808729 5.18057 -1.89322
v 0.808729 5.18057 1.89321
v 0.817873 -2.76139 -3.02997
v 0.817873 -2.76139 3.02997
v 0.817873 2.7614 -3.02997
v 0.817873 2.7614 3.02997
v 0.82696 -3.99698 -3.80831
v 0.82696 -3.99698 3.80831
v 0.82696 3.99698 -3.80831
v 0.82696 3.99698 3.80831
v 0.851295 -3.92215 -1.04661
v 0.851295 -3.92215 1.04661
v 0.851295 3.92215 -1.04661
v 0.851295 3.92215 1.04661
v 0.886418 -8.20572 -6.50563
v 0.886418 -8.20572 6.50563
v 0.886418 8.20572 -6.50563
v 0.886418 8.20572 6.50563
v 0.888772 1.11273e-006 -4.08474
v 0.888772 1.11273e-006 4.08474
v 1.04661 -0.851292 -3.92215
v 1.04661 -0.851292 3.92215
v 1.04661 0.851295 -3.92215
v 1.04661 0.851295 3.92215
v 1.10194 -3.78952 -2.76296
v 1.10194 -3.78952 2.76296
v 1.10194 3.78952 -2.76296
v 1.10194 3.78952 2.76296
v 1.12678 -4.17022 -2.14695
v 1.12678 -4.17022 2.14695
v 1.12678 4.17023 -2.14695
v 1.12678 4.17023 2.14695
v 1.18232 -1.91304 -3.09536
v 1.18232 -1.91304 3.09536
v 1.18232 1.91304 -3.09536
v 1.18232 1.91304 3.09536
v 1.19181 -6.02168 -1.79321
v 1.19181 -6.02168 1.79321
v 1.19181 6.02169 -1.79321
v 1.19181 6.02169 1.79321
v 1.20524 -8.76656 -5.87837
v 1.20524 -8.76656 5.87837
v 1.20524 8.76657 -5.87837
v 1.20524 8.76657 5.87837
v 1.21868 -4.27745 -4.61546
v 1.21868 -4.27745 4.61546
v 1.21868 4.27746 -4.61546
v 1.21868 4.27746 4.61546
v 1.27292 1.11273e-006 -7.27099
v 1.27292 1.11273e-006 7.27099
v 1.27694 -9.4131 3.75146
v 1.27694 -9.41307 -3.75146
v 1.27694 9.41307 -3.75146
v 1.27694 9.41307 3.75146
v 1.30573 -7.54426 -6.7753
v 1.30573 -7.54426 6.7753
v 1.30573 7.54426 -6.7753
v 1.30573 7.54426 6.7753
v 1.30855 -4.37185 -3.20178
v 1.30855 -4.37185 3.20178
v 1.30855 4.37186 -3.20178
v 1.30855 4.37186 3.20178
v 1.32334 -3.57928 -1.70664
v 1.32334 -3.57928 1.70664
v 1.32334 3.57928 -1.70664
v 1.32334 3.57928 1.70664
v 1.33805 -4.82393 -2.47027
v 1.33805 -4.82393 2.47027
v 1.33805 4.82393 -2.47027
v 1.33805 4.82393 2.47027
v 1.36207 -3.56594 -1.11273e-006
v 1.36207 3.56594 -1.11273e-006
v 1.37742 -3.07086 -2.42403
v 1.37742 -3.07086 2.42403
v 1.37742 3.07086 -2.42403
v 1.37742 3.07086 2.42403
v 1.42492 1.11273e-006 -6.2493
v 1.42492 1.11273e-006 6.2493
v 1.43425 -9.09214 5.07139
v 1.43425 -9.09212 -5.07137
v 1.43425 9.09212 -5.07137
v 1.43425 9.09212 5.07137
v 1.45056 1.11273e-006 -4.60061
v 1.45056 1.11273e-006 4.60061
v 1.57489 -6.97021 -1.75959
v 1.57489 -6.97021 1.75959
v 1.57489 6.97021 -1.75959
v 1.57489 6.97021 1.75959
v 1.59618 -8.8922 2.91299
v 1.59618 -8.89218 -2.913
v 1.59618 8.89218 -2.913
v 1.59618 8.89218 2.91299
v 1.6104 -4.66533 -5.489
v 1.6104 -4.66533 5.489
v 1.6104 4.66533 -5.489
v 1.6104 4.66533 5.489
v 1.63216 -6.55616 -6.69279
v 1.63216 -6.55616 6.69279
v 1.63216 6.55617 -6.69279
v 1.63216 6.55617 6.69279
v 1.64331 1.11273e-006 -5.33503
v 1.64331 1.11273e-006 5.33502
v 1.66102 -0.681034 -4.47055
v 1.66102 -0.681034 4.47055
v 1.66102 0.681036 -4.47055
v 1.66102 0.681036 4.47055
v 1.66482 1.11273e-006 -8.32765
v 1.66482 1.11273e-006 8.32765
v 1.70259 -8.00247 -2.19095
v 1.70259 -8.00247 2.19094
v 1.70259 8.00247 -2.19095
v 1.70259 8.00247 2.19094
v 1.70664 -1.32334 -3.57928
v 1.70664 -1.32334 3.57928
v 1.70664 1.32334 -3.57928
v 1.70664 1.32334 3.57928
v 1.74097 -5.51072 -6.22274
v 1.74097 -5.51072 6.22273
v 1.74097 5.51072 -6.22274
v 1.74097 5.51072 6.22273
v 1.75959 -1.57489 -6.97021
v 1.75959 -1.57489 6.97021
v 1.75959 1.57489 -6.97021
v 1.75959 1.57489 6.97021
v 1.79321 -1.19181 -6.02169
v 1.79321 -1.19181 6.02168
v 1.79321 1.19181 -6.02169
v 1.79321 1.19181 6.02168
v 1.89322 -0.808727 -5.18057
v 1.89322 -0.808727 5.18057
v 1.89322 0.808729 -5.18057
v 1.89322 0.808729 5.18057
v 1.91304 -3.09536 -1.18232
v 1.91304 -3.09536 1.18232
v 1.91304 3.09536 -1.18232
v 1.91304 3.09536 1.18232
v 1.92839 -4.82989 -3.72161
v 1.92839 -4.82989 3.72161
v 1.92839 4.82989 -3.72161
v 1.92839 4.82989 3.72161
v 1.97186 -5.49612 -2.64361
v 1.97186 -5.49612 2.64361
v 1.97186 5.49612 -2.64361
v 1.97186 5.49612 2.64361
v 2.06614 -8.13617 5.81758
v 2.06614 -8.13614 -5.81758
v 2.06614 8.13614 -5.81758
v 2.06614 8.13614 5.81758
v 2.11271 -8.84998 -4.66258
v 2.11271 -8.84998 4.66258
v 2.11271 8.84998 -4.66258
v 2.11271 8.84998 4.66258
v 2.14695 -1.12678 -4.17023
v 2.14695 -1.12678 4.17022
v 2.14695 1.12678 -4.17023
v 2.14695 1.12678 4.17022
v 2.19095 -1.70259 -8.00247
v 2.19095 -1.70259 8.00247
v 2.19095 1.70259 -8.00247
v 2.19095 1.70259 8.00247
v 2.20388 -2.20387 -2.20388
v 2.20388 -2.20387 2.20387
v 2.20388 2.20388 -2.20388
v 2.20388 2.20388 2.20387
v 2.41974 1.11273e-006 -9.19702
v 2.41974 1.11273e-006 9.19702
v 2.42403 -1.37742 -3.07086
v 2.42403 -1.37742 3.07086
v 2.42403 1.37742 -3.07086
v 2.42403 1.37742 3.07086
v 2.47027 -1.33805 -4.82393
v 2.47027 -1.33805 4.82393
v 2.47027 1.33805 -4.82393
v 2.47027 1.33805 4.82393
v 2.54474 -3.27532 -1.11273e-006
v 2.54474 3.27532 -1.11273e-006
v 2.54823 -5.39533 -4.30784
v 2.54823 -5.39533 4.30783
v 2.54823 5.39533 -4.30784
v 2.54823 5.39533 4.30783
v 2.58267 -7.29604 5.49567
v 2.58267 -7.29601 -5.49567
v 2.58267 7.29601 -5.49567
v 2.58267 7.29601 5.49567
v 2.60568 -6.27572 -2.88332
v 2.60568 -6.27572 2.88332
v 2.60568 6.27572 -2.88332
v 2.60568 6.27572 2.88332
v 2.64088 -8.18832 4.05191
v 2.64088 -8.18829 -4.05191
v 2.64088 8.1883 -4.05191
v 2.64088 8.1883 4.05191
v 2.64361 -1.97186 -5.49612
v 2.64361 -1.97186 5.49612
v 2.64361 1.97186 -5.49612
v 2.64361 1.97186 5.49612
v 2.75485 -6.29991 -4.94581
v 2.75485 -6.29991 4.94581
v 2.75485 6.29989 -4.94581
v 2.75485 6.29991 4.94581
v 2.7614 -3.02997 -0.817873
v 2.7614 -3.02997 0.817871
v 2.7614 3.02997 -0.817873
v 2.7614 3.02997 0.817871
v 2.76296 -1.10194 -3.78952
v 2.76296 -1.10194 3.78952
v 2.76296 1.10194 -3.78952
v 2.76296 1.10194 3.78952
v 2.81696 -7.25167 -3.40578
v 2.81696 -7.25167 3.40578
v 2.81696 7.25167 -3.40578
v 2.81696 7.25167 3.40578
v 2.88332 -2.60568 -6.27572
v 2.88332 -2.60568 6.27572
v 2.88332 2.60568 -6.27572
v 2.88332 2.60568 6.27572
v 2.913 -1.59618 -8.89218
v 2.913 -1.59618 8.89218
v 2.913 1.59618 -8.89218
v 2.913 1.59618 8.89218
v 3.02997 -0.817871 -2.7614
v 3.02997 -0.817871 2.76139
v 3.02997 0.817873 -2.7614
v 3.02997 0.817873 2.76139
v 3.07086 -2.42403 -1.37742
v 3.07086 -2.42403 1.37742
v 3.07086 2.42403 -1.37742
v 3.07086 2.42403 1.37742
v 3.09536 -1.18232 -1.91304
v 3.09536 -1.18232 1.91304
v 3.09536 1.18232 -1.91304
v 3.09536 1.18232 1.91304
v 3.20178 -1.30855 -4.37186
v 3.20178 -1.30855 4.37185
v 3.20178 1.30855 -4.37186
v 3.20178 1.30855 4.37185
v 3.27373 -0.696386 -3.47384
v 3.27373 -0.696386 3.47384
v 3.27373 0.696388 -3.47384
v 3.27373 0.696388 3.47384
v 3.27532 1.11273e-006 -2.54474
v 3.27532 1.11273e-006 2.54474
v 3.35684 1.11273e-006 -9.65695
v 3.35684 1.11273e-006 9.65695
v 3.36863 -3.44399 -1.11273e-006
v 3.36863 3.44399 -1.11273e-006
v 3.40578 -2.81695 -7.25167
v 3.40578 -2.81695 7.25167
v 3.40578 2.81696 -7.25167
v 3.40578 2.81696 7.25167
v 3.44399 1.11273e-006 -3.36863
v 3.44399 1.11273e-006 3.36863
v 3.47384 -3.27373 -0.696388
v 3.47384 -3.27373 0.696386
v 3.47384 3.27373 -0.696388
v 3.47384 3.27373 0.696386
v 3.56594 1.11273e-006 -1.36207
v 3.56594 1.11273e-006 1.36207
v 3.57928 -1.70664 -1.32334
v 3.57928 -1.70664 1.32334
v 3.57928 1.70664 -1.32334
v 3.57928 1.70664 1.32334
v 3.72161 -1.92839 -4.82989
v 3.72161 -1.92839 4.82989
v 3.72161 1.92839 -4.82989
v 3.72161 1.92839 4.82989
v 3.75146 -1.27694 -9.41307
v 3.75146 -1.27694 9.41307
v 3.75146 1.27694 -9.41307
v 3.75146 1.27694 9.41307
v 3.78952 -2.76296 -1.10194
v 3.78952 -2.76296 1.10194
v 3.78952 2.76296 -1.10194
v 3.78952 2.76296 1.10194
v 3.80831 -0.826958 -3.99698
v 3.80831 -0.826958 3.99698
v 3.80831 0.82696 -3.99698
v 3.80831 0.82696 3.99698
v 3.82609 1.11273e-006 -1.11273e-006
v 3.87203 -4.01049 -1.11273e-006
v 3.87203 4.01049 -1.11273e-006
v 3.92215 -1.04661 -0.851295
v 3.92215 -1.04661 0.851292
v 3.92215 1.04661 -0.851295
v 3.92215 1.04661 0.851292
v 3.99698 -3.80831 -0.82696
v 3.99698 -3.80831 0.826958
v 3.99698 3.80831 -0.82696
v 3.99698 3.80831 0.826958
v 4.01049 1.11273e-006 -3.87203
v 4.01049 1.11273e-006 3.87202
v 4.05191 -2.64088 -8.1883
v 4.05191 -2.64088 8.18829
v 4.05191 2.64088 -8.1883
v 4.05191 2.64088 8.18829
v 4.08474 -0.88877 -1.11273e-006
v 4.08474 0.888772 -1.11273e-006
v 4.09333 -4.9134 -1.11273e-006
v 4.09333 4.91343 -1.11273e-006
v 4.17023 -2.14695 -1.12678
v 4.17023 -2.14695 1.12678
v 4.17023 2.14695 -1.12678
v 4.17023 2.14695 1.12678
v 4.18497 1.11273e-006 -9.63996
v 4.18497 1.11273e-006 9.63995
v 4.27746 -4.61546 -1.21868
v 4.27746 -4.61546 1.21868
v 4.27746 4.61546 -1.21868
v 4.27746 4.61546 1.21868
v 4.30784 -2.54822 -5.39533
v 4.30784 -2.54822 5.39533
v 4.30784 2.54823 -5.39533
v 4.30784 2.54823 5.39533
v 4.37186 -3.20178 -1.30855
v 4.37186 -3.20178 1.30855
v 4.37186 3.20178 -1.30855
v 4.37186 3.20178 1.30855
v 4.42201 -5.88271 -1.11273e-006
v 4.42201 5.88271 -1.11273e-006
v 4.47055 -1.66101 -0.681036
v 4.47055 -1.66101 0.681034
v 4.47055 1.66102 -0.681036
v 4.47055 1.66102 0.681034
v 4.60061 -1.45056 -1.11273e-006
v 4.60061 1.45056 -1.11273e-006
v 4.61546 -1.21868 -4.27746
v 4.61546 -1.21868 4.27745
v 4.61546 1.21868 -4.27746
v 4.61546 1.21868 4.27745
v 4.66258 -2.11271 -8.84998
v 4.66258 -2.11271 8.84998
v 4.66258 2.11271 -8.84998
v 4.66258 2.11271 8.84998
v 4.66533 -5.489 -1.6104
v 4.66533 -5.489 1.6104
v 4.66533 5.489 -1.6104
v 4.66533 5.489 1.6104
v 4.67311 -0.744881 -9.51144
v 4.67311 -0.744881 9.51144
v 4.67311 0.744884 -9.51144
v 4.67311 0.744884 9.51144
v 4.82393 -2.47027 -1.33805
v 4.82393 -2.47027 1.33805
v 4.82393 2.47027 -1.33805
v 4.82393 2.47027 1.33805
v 4.82989 -3.72161 -1.92839
v 4.82989 -3.72161 1.92839
v 4.82989 3.72161 -1.92839
v 4.82989 3.72161 1.92839
v 4.91343 1.11273e-006 -4.09333
v 4.91343 1.11273e-006 4.09333
v 4.94581 -2.75485 -6.29989
v 4.94581 -2.75485 6.29989
v 4.94581 2.75485 -6.29989
v 4.94581 2.75485 6.29991
v 5.07137 -1.43425 -9.09212
v 5.07137 -1.43425 9.09212
v 5.07137 1.43425 -9.09212
v 5.07137 1.43425 9.09212
v 5.18057 -1.89321 -0.808729
v 5.18057 -1.89321 0.808727
v 5.18057 1.89322 -0.808729
v 5.18057 1.89322 0.808727
v 5.24767 -6.64837 -1.11273e-006
v 5.24767 6.6484 -1.11273e-006
v 5.33503 -1.6433 -1.11273e-006
v 5.33503 1.64331 -1.11273e-006
v 5.39533 -4.30783 -2.54823
v 5.39533 -4.30783 2.54822
v 5.39533 4.30784 -2.54823
v 5.39533 4.30784 2.54822
v 5.489 -1.6104 -4.66533
v 5.489 -1.6104 4.66533
v 5.489 1.6104 -4.66533
v 5.489 1.6104 4.66533
v 5.49567 -2.58267 -7.29601
v 5.49567 -2.58267 7.29601
v 5.49567 2.58267 -7.29601
v 5.49567 2.58267 7.29601
v 5.49612 -2.64361 -1.97186
v 5.49612 -2.64361 1.97186
v 5.49612 2.64361 -1.97186
v 5.49612 2.64361 1.97186
v 5.51072 -6.22273 -1.74097
v 5.51072 -6.22273 1.74097
v 5.51072 6.22274 -1.74097
v 5.51072 6.22274 1.74097
v 5.64482 1.11273e-006 -9.13356
v 5.64482 1.11273e-006 9.13356
v 5.81758 -2.06613 -8.13614
v 5.81758 -2.06613 8.13614
v 5.81758 2.06614 -8.13614
v 5.81758 2.06614 8.13614
v 5.87837 -1.20524 -8.76657
v 5.87837 -1.20524 8.76656
v 5.87837 1.20524 -8.76657
v 5.87837 1.20524 8.76656
v 5.88271 1.11273e-006 -4.42201
v 5.88271 1.11273e-006 4.42201
v 6.02169 -1.79321 -1.19181
v 6.02169 -1.79321 1.19181
v 6.02169 1.79321 -1.19181
v 6.02169 1.79321 1.19181
v 6.22274 -1.74097 -5.51072
v 6.22274 -1.74097 5.51072
v 6.22274 1.74097 -5.51072
v 6.22274 1.74097 5.51072
v 6.2493 -1.42492 -1.11273e-006
v 6.2493 1.42492 -1.11273e-006
v 6.27572 -2.88332 -2.60568
v 6.27572 -2.88332 2.60568
v 6.27572 2.88332 -2.60568
v 6.27572 2.88332 2.60568
v 6.29989 -4.94581 2.75485
v 6.29989 4.94581 -2.75485
v 6.29991 -4.94581 -2.75485
v 6.29991 4.94581 2.75485
v 6.30956 -7.09183 -1.11273e-006
v 6.30956 7.09183 -1.11273e-006
v 6.50563 -0.886416 -8.20572
v 6.50563 -0.886416 8.20572
v 6.50563 0.886418 -8.20572
v 6.50563 0.886418 8.20572
v 6.55617 -6.69279 -1.63216
v 6.55617 -6.69279 1.63216
v 6.55617 6.69279 -1.63216
v 6.55617 6.69279 1.63216
v 6.62324 1.11273e-006 -8.30621
v 6.62324 1.11273e-006 8.3062
v 6.6484 1.11273e-006 -5.24767
v 6.6484 1.11273e-006 5.24767
v 6.69279 -1.63216 -6.55617
v 6.69279 -1.63216 6.55616
v 6.69279 1.63216 -6.55617
v 6.69279 1.63216 6.55616
v 6.7753 -1.30573 -7.54426
v 6.7753 -1.30573 7.54426
v 6.7753 1.30573 -7.54426
v 6.7753 1.30573 7.54426
v 6.97021 -1.75959 -1.57489
v 6.97021 -1.75959 1.57489
v 6.97021 1.75959 -1.57489
v 6.97021 1.75959 1.57489
v 7.09183 1.11273e-006 -6.30956
v 7.09183 1.11273e-006 6.30956
v 7.09454 1.11273e-006 -7.34698
v 7.09454 1.11273e-006 7.34697
v 7.25167 -3.40578 -2.81696
v 7.25167 -3.40578 2.81695
v 7.25167 3.40578 -2.81696
v 7.25167 3.40578 2.81695
v 7.27099 -1.27292 -1.11273e-006
v 7.27099 1.27292 -1.11273e-006
v 7.29601 -5.49567 -2.58267
v 7.29601 -5.49567 2.58267
v 7.29601 5.49567 -2.58267
v 7.29601 5.49567 2.58267
v 7.34698 -7.09453 -1.11273e-006
v 7.34698 7.09451 -1.11273e-006
v 7.54426 -6.7753 -1.30573
v 7.54426 -6.7753 1.30573
v 7.54426 6.7753 -1.30573
v 7.54426 6.7753 1.30573
v 8.00247 -2.19094 -1.70259
v 8.00247 -2.19094 1.70259
v 8.00247 2.19095 -1.70259
v 8.00247 2.19095 1.70259
v 8.13614 -5.81758 -2.06614
v 8.13614 -5.81758 2.06613
v 8.13614 5.81758 -2.06614
v 8.13614 5.81758 2.06613
v 8.1883 -4.05191 -2.64088
v 8.1883 -4.05191 2.64088
v 8.1883 4.05191 -2.64088
v 8.1883 4.05191 2.64088
v 8.20572 -6.50563 -0.886418
v 8.20572 -6.50563 0.886416
v 8.20572 6.50563 -0.886418
v 8.20572 6.50563 0.886416
v 8.30621 -6.62324 -1.11273e-006
v 8.30621 6.62324 -1.11273e-006
v 8.32765 -1.66481 -1.11273e-006
v 8.32765 1.66482 -1.11273e-006
v 8.76657 -5.87837 -1.20524
v 8.76657 -5.87837 1.20524
v 8.76657 5.87837 -1.20525
v 8.76657 5.87837 1.20524
v 8.84998 -4.66258 -2.11271
v 8.84998 -4.66258 2.11271
v 8.84998 4.66258 -2.11271
v 8.84998 4.66258 2.11271
v 8.89218 -2.91299 -1.59618
v 8.89218 -2.91299 1.59618
v 8.89218 2.913 -1.59618
v 8.89218 2.913 1.59618
v 9.09212 -5.07137 -1.43425
v 9.09212 -5.07137 1.43425
v 9.09212 5.07137 -1.43425
v 9.09212 5.07137 1.43425
v 9.13356 -5.64482 -1.11273e-006
v 9.13356 5.64482 -1.11273e-006
v 9.19702 -2.41974 -1.11273e-006
v 9.19702 2.41974 -1.11273e-006
v 9.41307 -3.75146 -1.27694
v 9.41307 -3.75146 1.27694
v 9.41307 3.75144 -1.27694
v 9.41307 3.75144 1.27694
v 9.51144 -4.67311 -0.744884
v 9.51144 -4.67311 0.744881
v 9.51144 4.67311 -0.744884
v 9.51144 4.67311 0.744881
v 9.63996 -4.18497 -1.11273e-006
v 9.63996 4.18495 -1.11273e-006
v 9.65695 -3.35684 -1.11273e-006
v 9.65695 3.35684 -1.11273e-006
