
v -10.27126312255859 0.8904110193252564 -4.036374092102051
v -10.27126312255859 0.8904110193252564 -2.77910304069519
v -10.0309648513794 0.8904110193252564 -5.276693820953369
v -10.0309648513794 0.8904110193252564 -1.538761973381043
v -9.751500129699707 -0.6830400228500366 -3.986821413040161
v -9.751500129699707 -0.6830400228500366 -2.828635215759277
v -9.751500129699707 2.46386194229126 -3.986821413040161
v -9.751500129699707 2.46386194229126 -2.828635215759277
v -9.548084259033203 0.8904110193252564 -6.463831424713135
v -9.548084259033203 0.8904110193252564 -0.3516289591789246
v -9.530293464660645 -0.6830400228500366 -5.128915786743164
v -9.530293464660645 -0.6830400228500366 -1.686540603637695
v -9.530293464660645 2.46386194229126 -5.128915786743164
v -9.530293464660645 2.46386194229126 -1.686540603637695
v -9.086202621459961 -0.6830400228500366 -6.220953941345215
v -9.086202621459961 -0.6830400228500366 -0.5944984555244446
v -9.086202621459961 2.46386194229126 -6.220953941345215
v -9.086202621459961 2.46386194229126 -0.5944984555244446
v -8.821800231933594 0.8904110193252564 -7.555513381958008
v -8.821800231933594 0.8904110193252564 0.7400544881820679
v -8.418556213378906 -0.6830400228500366 -7.224521636962891
v -8.418556213378906 -0.6830400228500366 0.4090633392333984
v -8.418556213378906 2.46386194229126 -7.224521636962891
v -8.418556213378906 2.46386194229126 0.4090633392333984
v -8.192209243774414 -1.207523703575134 -3.83818244934082
v -8.192209243774414 -1.207523703575134 -2.977273941040039
v -8.192209243774414 2.988345623016357 -3.83818244934082
v -8.192209243774414 2.988345623016357 -2.977273941040039
v -8.028319358825684 -1.207523703575134 -4.685537815093994
v -8.028319358825684 -1.207523703575134 -2.129918098449707
v -8.028319358825684 2.988345623016357 -4.685537815093994
v -8.028319358825684 2.988345623016357 -2.129918098449707
v -7.858826637268066 0.8904110193252564 -8.503632545471191
v -7.858826637268066 0.8904110193252564 1.688186645507813
v -7.700495719909668 -1.207523703575134 -5.492341041564941
v -7.700495719909668 -1.207523703575134 -1.323115229606628
v -7.700495719909668 2.988345623016357 -5.492341041564941
v -7.700495719909668 2.988345623016357 -1.323115229606628
v -7.532430648803711 -0.6830400228500366 -8.096758842468262
v -7.532430648803711 -0.6830400228500366 1.281295418739319
v -7.532430648803711 2.46386194229126 -8.096758842468262
v -7.532430648803711 2.46386194229126 1.281295418739319
v -7.208802700042725 -1.207523703575134 -6.231548309326172
v -7.208802700042725 -1.207523703575134 -0.5839143991470337
v -7.208802700042725 2.988345623016357 -6.231548309326172
v -7.208802700042725 2.988345623016357 -0.5839143991470337
v -6.678214550018311 0.8904110193252564 -9.259959220886231
v -6.678214550018311 0.8904110193252564 2.444504737854004
v -6.632919788360596 -0.6830400228500366 -3.689543962478638
v -6.632919788360596 -0.6830400228500366 -3.125912666320801
v -6.632919788360596 2.46386194229126 -3.689543962478638
v -6.632919788360596 2.46386194229126 -3.125912666320801
v -6.553198337554932 -1.207523703575134 -6.876075744628906
v -6.553198337554932 -1.207523703575134 0.06062359362840653
v -6.553198337554932 2.988345623016357 -6.876075744628906
v -6.553198337554932 2.988345623016357 0.06062359362840653
v -6.526323795318604 -0.6830400228500366 -4.242181777954102
v -6.526323795318604 -0.6830400228500366 -2.573274612426758
v -6.526323795318604 2.46386194229126 -4.242181777954102
v -6.526323795318604 2.46386194229126 -2.573274612426758
v -6.442091941833496 -0.6830400228500366 -8.794699668884277
v -6.442091941833496 -0.6830400228500366 1.979243636131287
v -6.442091941833496 2.46386194229126 -8.794699668884277
v -6.442091941833496 2.46386194229126 1.979243636131287
v -6.314809799194336 -0.6830400228500366 -4.763728141784668
v -6.314809799194336 -0.6830400228500366 -2.051728010177612
v -6.314809799194336 2.46386194229126 -4.763728141784668
v -6.314809799194336 2.46386194229126 -2.051728010177612
v -6.11317777633667 0.8904110193252564 -3.639990329742432
v -6.11317777633667 0.8904110193252564 -3.17546558380127
v -6.025651931762695 0.8904110193252564 -4.094381809234619
v -6.025651931762695 0.8904110193252564 -2.721053123474121
v -5.999050140380859 -0.6830400228500366 -5.238574981689453
v -5.999050140380859 -0.6830400228500366 -1.576881408691406
v -5.999050140380859 2.46386194229126 -5.238574981689453
v -5.999050140380859 2.46386194229126 -1.576881408691406
v -5.852908134460449 0.8904110193252564 -4.520850658416748
v -5.852908134460449 0.8904110193252564 -2.29460597038269
v -5.733703136444092 -1.207523703575134 -7.398922920227051
v -5.733703136444092 -1.207523703575134 0.5834667086601257
v -5.733703136444092 2.988345623016357 -7.398922920227051
v -5.733703136444092 2.988345623016357 0.5834667086601257
v -5.595806121826172 0.8904110193252564 -4.907583713531494
v -5.595806121826172 0.8904110193252564 -1.907893657684326
v -5.573966503143311 -0.6830400228500366 -5.655413150787354
v -5.573966503143311 -0.6830400228500366 -1.160043001174927
v -5.573966503143311 2.46386194229126 -5.655413150787354
v -5.573966503143311 2.46386194229126 -1.160043001174927
v -5.309773445129395 0.8904110193252564 -9.784904479980469
v -5.309773445129395 0.8904110193252564 2.969445943832398
v -5.247569561004639 0.8904110193252564 -5.248518943786621
v -5.247569561004639 0.8904110193252564 -1.566937208175659
v -5.169904232025147 -0.6830400228500366 -9.28194522857666
v -5.169904232025147 -0.6830400228500366 2.466478586196899
v -5.169904232025147 2.46386194229126 -9.28194522857666
v -5.169904232025147 2.46386194229126 2.466478586196899
v -5.025293350219727 -0.6830400228500366 -6.003146171569824
v -5.025293350219727 -0.6830400228500366 -0.8123102188110352
v -5.025293350219727 2.46386194229126 -6.003146171569824
v -5.025293350219727 2.46386194229126 -0.8123102188110352
v -4.789170742034912 0.8904110193252564 -5.537887096405029
v -4.789170742034912 0.8904110193252564 -1.27756929397583
v -4.750275135040283 -1.207523703575134 -7.773026466369629
v -4.750275135040283 -1.207523703575134 0.9575746655464172
v -4.750275135040283 2.988345623016357 -7.773026466369629
v -4.750275135040283 2.988345623016357 0.9575746655464172
v -4.330667495727539 -0.6830400228500366 -6.264129638671875
v -4.330667495727539 -0.6830400228500366 -0.5513291954994202
v -4.330667495727539 2.46386194229126 -6.264129638671875
v -4.330667495727539 2.46386194229126 -0.5513291954994202
v -4.190798282623291 0.8904110193252564 -1.054286003112793
v -4.19077730178833 0.8904110193252564 -5.761170387268066
v -3.785581827163696 0.8904110193252564 -10.05327224731445
v -3.785581827163696 0.8904110193252564 3.23781156539917
v -3.739930868148804 -0.6830400228500366 -9.532794952392578
v -3.739930868148804 -0.6830400228500366 2.71733283996582
v -3.739930868148804 2.46386194229126 -9.532794952392578
v -3.739930868148804 2.46386194229126 2.71733283996582
v -3.602977514266968 -1.207523703575134 -7.971365451812744
v -3.602977514266968 -1.207523703575134 1.155896663665772
v -3.602977514266968 2.988345623016357 -7.971365451812744
v -3.602977514266968 2.988345623016357 1.155896663665772
v -3.466024398803711 -0.6830400228500366 -6.409914970397949
v -3.466024398803711 -0.6830400228500366 -0.4055395722389221
v -3.466024398803711 2.46386194229126 -6.409914970397949
v -3.466024398803711 2.46386194229126 -0.4055395722389221
v -3.420373439788818 0.8904110193252564 -5.889438152313232
v -3.420373439788818 0.8904110193252564 -0.9260183572769165
v -2.988345623016357 0.8904110193252564 -3.40772819519043
v -2.988345623016357 0.8904110193252564 5.823184490203857
v -2.988345623016357 2.617518901824951 -3.394762992858887
v -2.988345623016357 2.617518901824951 5.810219287872315
v -2.988345623016357 3.602977514266968 -3.355908870697022
v -2.988345623016357 3.602977514266968 5.771365165710449
v -2.988345623016357 4.750275135040283 -3.157570362091065
v -2.988345623016357 4.750275135040283 5.573026657104492
v -2.988345623016357 5.733703136444092 -2.783466577529907
v -2.988345623016357 5.733703136444092 5.198923110961914
v -2.988345623016357 6.553198337554932 -2.260619640350342
v -2.988345623016357 6.553198337554932 4.67607593536377
v -2.988345623016357 7.208802700042725 -1.616091847419739
v -2.988345623016357 7.208802700042725 4.031548023223877
v -2.988345623016357 7.700495719909668 -0.8768909573554993
v -2.988345623016357 7.700495719909668 3.292347192764282
v -2.988345623016357 8.028319358825684 -0.0700860470533371
v -2.988345623016357 8.028319358825684 2.48554253578186
v -2.988345623016357 8.192209243774414 0.7772823572158814
v -2.988345623016357 8.192209243774414 1.638174057006836
v -2.947792530059815 -1.028844714164734 5.75430965423584
v -2.920284509658814 -1.285671830177307 -3.338726997375488
v -2.826131343841553 -2.590734004974365 5.547683715820313
v -2.716098785400391 -3.618029594421387 -3.131744861602783
v -2.663170099258423 0.8904110193252564 -10.10416793823242
v -2.663170099258423 0.8904110193252564 3.288701057434082
v -2.65175724029541 -0.6830400228500366 -9.580669403076172
v -2.65175724029541 -0.6830400228500366 2.765218257904053
v -2.65175724029541 2.46386194229126 -9.580669403076172
v -2.65175724029541 2.46386194229126 2.765218257904053
v -2.617518901824951 -1.207523703575134 -8.010218620300293
v -2.617518901824951 -1.207523703575134 1.194770336151123
v -2.617518901824951 2.988345623016357 -8.010218620300293
v -2.617518901824951 2.988345623016357 1.194770336151123
v -2.590759754180908 -3.851130962371826 5.193216800689697
v -2.583278656005859 -0.6830400228500366 -6.439789295196533
v -2.583278656005859 -0.6830400228500366 -0.3756775557994843
v -2.583278656005859 2.46386194229126 -6.439789295196533
v -2.583278656005859 2.46386194229126 -0.3756775557994843
v -2.571865797042847 0.8904110193252564 -5.9162917137146
v -2.571865797042847 0.8904110193252564 -0.899164617061615
v -2.46386194229126 0.8904110193252564 -4.981179237365723
v -2.46386194229126 0.8904110193252564 -1.834277272224426
v -2.46386194229126 0.8904110193252564 4.249733448028565
v -2.46386194229126 0.8904110193252564 7.39663553237915
v -2.46386194229126 2.583278656005859 -1.824333071708679
v -2.46386194229126 2.583278656005859 4.239789485931397
v -2.46386194229126 2.65175724029541 -4.965213775634766
v -2.46386194229126 2.65175724029541 7.380670070648193
v -2.46386194229126 3.466024398803711 -1.794458389282227
v -2.46386194229126 3.466024398803711 4.209914684295654
v -2.46386194229126 3.739930868148804 -4.917338848114014
v -2.46386194229126 3.739930868148804 7.332795143127441
v -2.46386194229126 4.330667495727539 -1.648672699928284
v -2.46386194229126 4.330667495727539 4.06412935256958
v -2.46386194229126 5.025293350219727 -1.387689828872681
v -2.46386194229126 5.025293350219727 3.803146362304688
v -2.46386194229126 5.169904232025147 -4.666489124298096
v -2.46386194229126 5.169904232025147 7.081945419311523
v -2.46386194229126 5.573966503143311 -1.039957165718079
v -2.46386194229126 5.573966503143311 3.455413579940796
v -2.46386194229126 5.999050140380859 -0.6231058835983276
v -2.46386194229126 5.999050140380859 3.038562297821045
v -2.46386194229126 6.314809799194336 -0.148278221487999
v -2.46386194229126 6.314809799194336 2.563734531402588
v -2.46386194229126 6.442091941833496 -4.179243564605713
v -2.46386194229126 6.442091941833496 6.594699859619141
v -2.46386194229126 6.526323795318604 0.3732746839523315
v -2.46386194229126 6.526323795318604 2.042181730270386
v -2.46386194229126 6.632919788360596 0.9259231090545654
v -2.46386194229126 6.632919788360596 1.489533305168152
v -2.46386194229126 7.532430648803711 -3.481302738189697
v -2.46386194229126 7.532430648803711 5.896759033203125
v -2.46386194229126 8.418556213378906 -2.609065294265747
v -2.46386194229126 8.418556213378906 5.024521827697754
v -2.46386194229126 9.086202621459961 -1.605497360229492
v -2.46386194229126 9.086202621459961 4.02095365524292
v -2.46386194229126 9.530293464660645 -0.5134468078613281
v -2.46386194229126 9.530293464660645 2.928903102874756
v -2.46386194229126 9.751500129699707 0.6286416053771973
v -2.46386194229126 9.751500129699707 1.78681480884552
v -2.438925981521606 -1.290601968765259 -4.921555995941162
v -2.438344955444336 -1.071829319000244 7.327508449554443
v -2.4126136302948 -0.9572820663452148 4.198523044586182
v -2.364115715026856 -3.637729406356812 -4.7426438331604
v -2.361795425415039 -2.762680768966675 7.120107173919678
v -2.359084844589233 -1.252293705940247 -1.78474497795105
v -2.309422492980957 -5.831518650054932 -2.817893743515015
v -2.25886869430542 -2.304491758346558 4.044912338256836
v -2.209072113037109 -4.865818500518799 4.68073320388794
v -2.162107706069946 -4.216612339019775 6.735198974609375
v -2.130393266677856 -5.907736778259277 -4.451723098754883
v -2.044757604598999 -3.484538316726685 -1.636127352714539
v -2.015352964401245 -3.262891292572022 3.799936294555664
v -1.767177820205689 -5.468072414398193 6.133532047271729
v -1.716827392578125 -5.63263463973999 4.052674770355225
v -1.694792747497559 -3.944153785705566 3.474630355834961
v -1.633887529373169 -7.650973796844482 -2.428307294845581
v -1.628718256950378 -7.85734748840332 -4.056053161621094
v -1.512454986572266 -5.526059150695801 -1.423564553260803
v -1.326089143753052 -4.406811237335205 3.088281154632568
v -1.2099369764328 -6.463395595550537 5.36543607711792
v -1.149780750274658 -6.149334907531738 3.351418972015381
v -0.9381489157676697 -4.709396362304688 2.660168170928955
v -0.8904110193252564 -1.207523703575134 -8.023184776306152
v -0.8904110193252564 -1.207523703575134 1.207728147506714
v -0.8904110193252564 -0.6830400228500366 -9.596635818481445
v -0.8904110193252564 -0.6830400228500366 -6.449733734130859
v -0.8904110193252564 -0.6830400228500366 -0.3657228350639343
v -0.8904110193252564 -0.6830400228500366 2.781179189682007
v -0.8904110193252564 0.8904110193252564 -10.12111949920654
v -0.8904110193252564 0.8904110193252564 -5.925250053405762
v -0.8904110193252564 0.8904110193252564 -5.50566291809082
v -0.8904110193252564 0.8904110193252564 -1.309793591499329
v -0.8904110193252564 0.8904110193252564 -0.890206515789032
v -0.8904110193252564 0.8904110193252564 3.305662870407105
v -0.8904110193252564 0.8904110193252564 3.725250005722046
v -0.8904110193252564 0.8904110193252564 7.921119213104248
v -0.8904110193252564 2.46386194229126 -9.596635818481445
v -0.8904110193252564 2.46386194229126 -6.449733734130859
v -0.8904110193252564 2.46386194229126 -0.3657228350639343
v -0.8904110193252564 2.46386194229126 2.781179189682007
v -0.8904110193252564 2.571865797042847 -1.300835251808167
v -0.8904110193252564 2.571865797042847 3.716291666030884
v -0.8904110193252564 2.663170099258423 -5.488690853118897
v -0.8904110193252564 2.663170099258423 7.904168128967285
v -0.8904110193252564 2.988345623016357 -8.023184776306152
v -0.8904110193252564 2.988345623016357 1.207728147506714
v -0.8904110193252564 3.420373439788818 -1.273981690406799
v -0.8904110193252564 3.420373439788818 3.689438104629517
v -0.8904110193252564 3.785581827163696 -5.437815666198731
v -0.8904110193252564 3.785581827163696 7.853271961212158
v -0.8904110193252564 4.19077730178833 3.56114935874939
v -0.8904110193252564 4.190798282623291 -1.145714044570923
v -0.8904110193252564 4.789170742034912 -0.9224308133125305
v -0.8904110193252564 4.789170742034912 3.337887287139893
v -0.8904110193252564 5.247569561004639 -0.6330646872520447
v -0.8904110193252564 5.247569561004639 3.048521041870117
v -0.8904110193252564 5.309773445129395 -5.169447898864746
v -0.8904110193252564 5.309773445129395 7.584904193878174
v -0.8904110193252564 5.595806121826172 -0.2921126186847687
v -0.8904110193252564 5.595806121826172 2.707571029663086
v -0.8904110193252564 5.852908134460449 0.09459126740694046
v -0.8904110193252564 5.852908134460449 2.320865154266357
v -0.8904110193252564 6.025651931762695 0.5210615396499634
v -0.8904110193252564 6.025651931762695 1.894394755363464
v -0.8904110193252564 6.11317777633667 0.9754679203033447
v -0.8904110193252564 6.11317777633667 1.439986348152161
v -0.8904110193252564 6.678214550018311 -4.644502639770508
v -0.8904110193252564 6.678214550018311 7.059958934783936
v -0.8904110193252564 7.858826637268066 -3.888175964355469
v -0.8904110193252564 7.858826637268066 6.303653240203857
v -0.8904110193252564 8.821800231933594 -2.940056562423706
v -0.8904110193252564 8.821800231933594 5.355513095855713
v -0.8904110193252564 9.548084259033203 -1.848375201225281
v -0.8904110193252564 9.548084259033203 4.263831615447998
v -0.8904110193252564 10.0309648513794 -0.6612358689308167
v -0.8904110193252564 10.0309648513794 3.0766921043396
v -0.8904110193252564 10.27126312255859 0.5790967345237732
v -0.8904110193252564 10.27126312255859 1.836361765861511
v -0.8883967995643616 -1.254307627677918 -5.487578868865967
v -0.8823540806770325 -3.492573261260986 -5.43332576751709
v -0.8756955862045288 -1.04805338382721 7.87511157989502
v -0.8450706601142883 -9.460337638854981 -3.5694580078125
v -0.8413869142532349 -0.8953236937522888 3.703137636184692
v -0.8315492868423462 -2.66758131980896 7.737088203430176
v -0.7819437980651856 -1.203237652778626 -1.305178046226502
v -0.7693870067596436 -5.627494812011719 -5.315674304962158
v -0.7537633180618286 -7.096594333648682 -1.182113170623779
v -0.7283762097358704 -9.054408073425293 -1.990174651145935
v -0.6943145394325256 -2.056662797927856 3.636842966079712
v -0.6804769635200501 -4.041434764862061 7.447489738464356
v -0.5353460311889648 -6.454395294189453 2.599424600601196
v -0.5233080983161926 -7.148916721343994 4.481261730194092
v -0.5232430696487427 -4.886147022247315 2.172654390335083
v -0.4848047196865082 -2.769813776016235 3.533813238143921
v -0.4565413296222687 -3.288318157196045 -1.291310667991638
v -0.4465992152690888 -7.462159156799316 -5.107327938079834
v -0.3449836373329163 -5.24290132522583 6.946733474731445
v -0.2484639436006546 -3.211009502410889 3.401538372039795
v -0.07364515960216522 -4.971239566802979 1.60809588432312
v 0.00099512143060565 -3.471425771713257 3.231345653533936
v 0.05453021824359894 -5.118577480316162 -1.278093695640564
v 0.099061019718647 -6.586271286010742 1.819125056266785
v 0.1241543814539909 -9.003007888793945 -4.802330017089844
v 0.1444099396467209 -8.203989028930664 -0.9407038688659668
v 0.1558605283498764 -6.213552474975586 6.267569065093994
v 0.2345645725727081 -10.69046211242676 -3.005889892578125
v 0.2356617301702499 -7.556314468383789 3.538302898406982
v 0.2498669028282166 -3.642282009124756 3.014547109603882
v 0.3682301938533783 -10.01983547210693 -1.530684947967529
v 0.4037483334541321 -4.964232444763184 0.9712909460067749
v 0.5249418020248413 -3.741640090942383 2.713201999664307
v 0.6830400228500366 0.8904110193252564 -4.981179237365723
v 0.6830400228500366 0.8904110193252564 -1.834277272224426
v 0.6830400228500366 0.8904110193252564 4.249733448028565
v 0.6830400228500366 0.8904110193252564 7.39663553237915
v 0.6830400228500366 2.583278656005859 -1.824333071708679
v 0.6830400228500366 2.583278656005859 4.239789485931397
v 0.6830400228500366 2.65175724029541 -4.965213775634766
v 0.6830400228500366 2.65175724029541 7.380670070648193
v 0.6830400228500366 3.466024398803711 -1.794458389282227
v 0.6830400228500366 3.466024398803711 4.209914684295654
v 0.6830400228500366 3.739930868148804 -4.917338848114014
v 0.6830400228500366 3.739930868148804 7.332795143127441
v 0.6830400228500366 4.330667495727539 -1.648672699928284
v 0.6830400228500366 4.330667495727539 4.06412935256958
v 0.6830400228500366 5.025293350219727 -1.387689828872681
v 0.6830400228500366 5.025293350219727 3.803146362304688
v 0.6830400228500366 5.169904232025147 -4.666489124298096
v 0.6830400228500366 5.169904232025147 7.081945419311523
v 0.6830400228500366 5.573966503143311 -1.039957165718079
v 0.6830400228500366 5.573966503143311 3.455413579940796
v 0.6830400228500366 5.999050140380859 -0.6231058835983276
v 0.6830400228500366 5.999050140380859 3.038562297821045
v 0.6830400228500366 6.314809799194336 -0.148278221487999
v 0.6830400228500366 6.314809799194336 2.563734531402588
v 0.6830400228500366 6.442091941833496 -4.179243564605713
v 0.6830400228500366 6.442091941833496 6.594699859619141
v 0.6830400228500366 6.526323795318604 0.3732746839523315
v 0.6830400228500366 6.526323795318604 2.042181730270386
v 0.6830400228500366 6.632919788360596 0.9259231090545654
v 0.6830400228500366 6.632919788360596 1.489533305168152
v 0.6830400228500366 7.532430648803711 -3.481302738189697
v 0.6830400228500366 7.532430648803711 5.896759033203125
v 0.6830400228500366 8.418556213378906 -2.609065294265747
v 0.6830400228500366 8.418556213378906 5.024521827697754
v 0.6830400228500366 9.086202621459961 -1.605497360229492
v 0.6830400228500366 9.086202621459961 4.02095365524292
v 0.6830400228500366 9.530293464660645 -0.5134468078613281
v 0.6830400228500366 9.530293464660645 2.928903102874756
v 0.6830400228500366 9.751500129699707 0.6286416053771973
v 0.6830400228500366 9.751500129699707 1.78681480884552
v 0.6887442469596863 -1.205247521400452 -5.008011817932129
v 0.6955311894416809 -0.9860950708389282 7.379726409912109
v 0.7058613896369934 -3.296353340148926 -5.088509559631348
v 0.7200056910514832 -6.447828769683838 -1.275429248809815
v 0.7212622761726379 -0.8715478777885437 4.25076150894165
v 0.7330043911933899 -2.419731378555298 7.329019069671631
v 0.7423737645149231 -6.572320461273193 1.012425780296326
v 0.7685854434967041 -1.16694962978363 -1.871200799942017
v 0.7975977659225464 -5.220012664794922 -5.17020320892334
v 0.8029831647872925 -6.894961833953857 5.442682266235352
v 0.8359311819076538 -1.96154248714447 4.253824234008789
v 0.8500713109970093 -3.548357486724854 7.181345462799072
v 0.8530084490776062 -3.787563800811768 2.28936243057251
v 0.8715478777885437 -0.7212622761726379 -6.450761795043945
v 0.8953236937522888 0.8413869142532349 -5.903137683868408
v 0.9020370841026306 -4.864706516265869 0.2670268416404724
v 0.9145323634147644 -1.230705857276917 -8.023940086364746
v 0.9572820663452148 2.4126136302948 -6.398523330688477
v 0.9810243248939514 -10.25646209716797 -4.394617557525635
v 0.9860950708389282 -0.6955311894416809 -9.579726219177246
v 0.9968280792236328 -2.594636201858521 4.246082782745361
v 1.009931802749634 -7.717310428619385 2.59385871887207
v 1.025219440460205 -3.14316201210022 -1.981992602348328
v 1.027168393135071 -6.81337308883667 -5.200644016265869
v 1.028844714164734 2.947792530059815 -7.954308986663818
v 1.04805338382721 0.8756955862045288 -10.07511138916016
v 1.071829319000244 2.438344955444336 -9.527508735656738
v 1.095156311988831 -8.856027603149414 -0.7282586097717285
v 1.101341009140015 -4.509756565093994 6.873641490936279
v 1.16694962978363 -0.7685854434967041 -0.328792929649353
v 1.171873569488525 -1.249943971633911 1.254019975662231
v 1.173734307289124 -2.985817193984985 4.21474027633667
v 1.203237652778626 0.7819437980651856 -0.8948220014572144
v 1.205247521400452 -0.6887442469596863 2.808011770248413
v 1.207523703575134 0.8904110193252564 -3.40772819519043
v 1.207523703575134 0.8904110193252564 5.823184490203857
v 1.207523703575134 2.617518901824951 -3.394762992858887
v 1.207523703575134 2.617518901824951 5.810219287872315
v 1.207523703575134 3.602977514266968 -3.355908870697022
v 1.207523703575134 3.602977514266968 5.771365165710449
v 1.207523703575134 4.750275135040283 -3.157570362091065
v 1.207523703575134 4.750275135040283 5.573026657104492
v 1.207523703575134 5.733703136444092 -2.783466577529907
v 1.207523703575134 5.733703136444092 5.198923110961914
v 1.207523703575134 6.553198337554932 -2.260619640350342
v 1.207523703575134 6.553198337554932 4.67607593536377
v 1.207523703575134 7.208802700042725 -1.616091847419739
v 1.207523703575134 7.208802700042725 4.031548023223877
v 1.207523703575134 7.700495719909668 -0.8768909573554993
v 1.207523703575134 7.700495719909668 3.292347192764282
v 1.207523703575134 8.028319358825684 -0.0700860470533371
v 1.207523703575134 8.028319358825684 2.48554253578186
v 1.207523703575134 8.192209243774414 0.7772823572158814
v 1.207523703575134 8.192209243774414 1.638174057006836
v 1.225020527839661 -3.763060092926025 1.755526185035706
v 1.230705857276917 -0.9145323634147644 5.823939800262451
v 1.249943971633911 -1.171873569488525 -3.454029560089111
v 1.252293705940247 2.359084844589233 -0.4152593314647675
v 1.254307627677918 0.8883967995643616 3.287580728530884
v 1.285671830177307 2.920284509658814 1.138733148574829
v 1.290601968765259 2.438925981521606 2.721547365188599
v 1.300273299217224 -2.13348913192749 5.826226711273193
v 1.366798877716065 -3.221582889556885 4.133465766906738
v 1.377204775810242 -3.162861824035645 -3.592891931533814
v 1.383519411087036 -6.439857006072998 0.1812339127063751
v 1.403114199638367 -4.68006706237793 -0.4866058230400085
v 1.415533781051636 -4.838335514068604 -2.142023324966431
v 1.42321240901947 -8.126869201660156 -5.158915996551514
v 1.425477981567383 -2.960117340087891 5.7880859375
v 1.4434574842453 -7.327849388122559 -1.297310709953308
v 1.482940435409546 -5.278167247772217 6.410627365112305
v 1.511598348617554 -11.50762748718262 -2.413957595825195
v 1.536815524101257 -7.301877498626709 4.534066677093506
v 1.55578088760376 -10.5761661529541 -1.082377195358276
v 1.576172709465027 -3.388347864151001 3.975952863693237
v 1.594571590423584 -4.914553165435791 -3.77587366104126
v 1.615634918212891 -3.588071346282959 5.667538642883301
v 1.631893992424011 -3.651093244552612 1.124186754226685
v 1.781602621078491 -7.681540012359619 1.652020454406738
v 1.826099753379822 -3.487202644348145 3.708969831466675
v 1.873680949211121 -4.052343845367432 5.446248531341553
v 1.888869881629944 -4.417783260345459 -1.271527051925659
v 1.90212881565094 -6.052619934082031 -2.326704502105713
v 1.907289743423462 -6.25901460647583 -3.954449653625488
v 1.96154248714447 -0.8359311819076538 -6.453824043273926
v 1.990997552871704 -5.827868461608887 5.797065258026123
v 2.00912356376648 -6.20518159866333 -0.6680814027786255
v 2.014347553253174 -9.210955619812012 -5.024144649505615
v 2.032284736633301 -9.150808334350586 -0.5468815565109253
v 2.051984310150147 -3.456258058547974 0.4211075901985169
v 2.056662797927856 0.6943145394325256 -5.836843013763428
v 2.073257446289063 -11.15953826904297 -3.919246673583984
v 2.128474950790405 -7.810542106628418 -1.357794165611267
v 2.13348913192749 -1.300273299217224 -8.026226997375488
v 2.140852928161621 -3.519259214401245 3.299213886260986
v 2.202636957168579 -4.387929916381836 5.105816841125488
v 2.295994997024536 -7.276450634002686 -4.109445571899414
v 2.297778367996216 -7.449005126953125 3.603716611862183
v 2.304491758346558 2.25886869430542 -6.244912147521973
v 2.340681314468384 -4.092729568481445 -2.068490505218506
v 2.412682294845581 -6.870521068572998 -2.53016209602356
v 2.419731378555298 -0.7330043911933899 -9.529019355773926
v 2.463598966598511 -3.183169841766357 -0.3279494941234589
v 2.505558013916016 -3.467628955841065 2.766669988632202
v 2.53278923034668 -7.498621463775635 0.7168639302253723
v 2.585006713867188 -6.15739107131958 5.074620246887207
v 2.590734004974365 2.826131343841553 -7.747684001922607
v 2.594636201858521 -0.9968280792236328 -6.446083545684815
v 2.597111701965332 -4.589142799377441 4.647837638854981
v 2.605755090713501 -5.884533405303955 -1.529153347015381
v 2.66758131980896 0.8315492868423462 -9.937088966369629
v 2.734148740768433 -10.75230884552002 -0.6777340173721314
v 2.739981174468994 -3.719674348831177 -2.85827898979187
v 2.741281986236572 -8.047168731689453 -4.221705913543701
v 2.762680768966675 2.361795425415039 -9.320106506347656
v 2.767526865005493 -8.017126083374023 -1.429837346076965
v 2.769813776016235 0.4848047196865082 -5.733813285827637
v 2.808499813079834 -10.02587795257568 -4.802204608917236
v 2.847185373306274 -2.847185373306274 -1.100000023841858
v 2.874941349029541 -7.376521587371826 -2.746522188186646
v 2.887403011322022 -11.87166118621826 -1.842333197593689
v 2.889626741409302 -9.186326026916504 -0.3986981511116028
v 2.905319452285767 -3.315444707870483 2.131291389465332
v 2.960117340087891 -1.425477981567383 -7.988085746765137
v 2.985817193984985 -1.173734307289124 -6.414740085601807
v 3.051734209060669 -4.65029764175415 4.073947429656982
v 3.062160968780518 -7.386109352111816 2.663166284561157
v 3.070363998413086 -3.317563533782959 -3.619640350341797
v 3.14316201210022 -1.025219440460205 -0.2180072367191315
v 3.157260417938232 -5.493310451507568 -2.391320705413818
v 3.162861824035645 -1.377204775810242 1.392894864082336
v 3.183190822601318 -2.463598966598511 -1.872040033340454
v 3.211009502410889 0.2484639436006546 -5.601538181304932
v 3.221582889556885 -1.366798877716065 -6.333466053009033
v 3.224436283111572 -6.265329837799072 4.284978866577148
v 3.253282785415649 -7.193728446960449 -0.2141407877206802
v 3.262891292572022 2.015352964401245 -5.999936580657959
v 3.285003423690796 -8.600499153137207 -4.266706943511963
v 3.288318157196045 0.4565413296222687 -0.9086894392967224
v 3.296353340148926 -0.7058613896369934 2.888509511947632
v 3.315444707870483 -2.905319452285767 -4.331280708312988
v 3.317563533782959 -3.070363998413086 1.419642686843872
v 3.329186201095581 -7.669057369232178 -2.935147523880005
v 3.350123643875122 -11.64930152893066 -3.41127347946167
v 3.353081703186035 -8.068840980529785 -1.486418724060059
v 3.388347864151001 -1.576172709465027 -6.175952911376953
v 3.456258058547974 -2.051984310150147 -2.621107578277588
v 3.467628955841065 -2.505558013916016 -4.96666145324707
v 3.471425771713257 -0.00099512143060565 -5.43135404586792
v 3.484538316726685 2.044757604598999 -0.5638664960861206
v 3.487202644348145 -1.826099753379822 -5.908969879150391
v 3.492573261260986 0.8823540806770325 3.233332395553589
v 3.519259214401245 -2.140852928161621 -5.49920129776001
v 3.544790744781494 -4.576848983764648 3.406258821487427
v 3.548357486724854 -0.8500713109970093 -9.381345748901367
v 3.588071346282959 -1.615634918212891 -7.867538452148438
v 3.618029594421387 2.716098785400391 0.9317490458488464
v 3.637729406356812 2.364115715026856 2.542650461196899
v 3.642282009124756 -0.2498669028282166 -5.214553356170654
v 3.64746356010437 -5.046849250793457 -3.243921756744385
v 3.651093244552612 -1.631893992424011 -3.324188709259033
v 3.694646120071411 -9.026001930236816 -0.2607211768627167
v 3.719674348831177 -2.739981174468994 0.6582895517349243
v 3.741640090942383 -0.5249418020248413 -4.913206100463867
v 3.763060092926025 -1.225020527839661 -3.955520153045654
v 3.787563800811768 -0.8530084490776062 -4.489360332489014
v 3.806214332580566 -7.162993907928467 1.723966956138611
v 3.813556909561157 -10.53183650970459 -4.498990058898926
v 3.815780878067017 -7.846479415893555 -3.055359363555908
v 3.851130962371826 2.590759754180908 -7.393216609954834
v 3.869592905044556 -10.63033390045166 -0.3114073276519775
v 3.883418560028076 -6.184915542602539 3.447399377822876
v 3.932929515838623 -6.79201602935791 -1.143511295318604
v 3.936076641082764 -7.987587451934815 -1.504964351654053
v 3.944153785705566 1.694792747497559 -5.674630641937256
v 3.969034910202026 -8.965854644775391 -4.219964981079102
v 4.041434764862061 0.6804769635200501 -9.647489547729492
v 4.052343845367432 -1.873680949211121 -7.646249294281006
v 4.054588794708252 -4.374208927154541 2.666919231414795
v 4.058910369873047 -4.561722755432129 -4.073591709136963
v 4.092729568481445 -2.340681314468384 -0.1315073370933533
v 4.216612339019775 2.162107706069946 -8.935198783874512
v 4.269354343414307 -11.85691261291504 -1.307947397232056
v 4.36906909942627 -7.892802715301514 -3.098282814025879
v 4.374208927154541 -4.054588794708252 -4.866925716400147
v 4.387929916381836 -2.202636957168579 -7.305796146392822
v 4.406811237335205 1.326089143753052 -5.288274765014648
v 4.417783260345459 -1.888869881629944 -0.9284728169441223
v 4.474847316741943 -8.733235359191895 -0.109963670372963
v 4.509756565093994 -1.101341009140015 -9.073641777038574
v 4.518882751464844 -6.807834625244141 0.7843943238258362
v 4.536065101623535 -5.949380874633789 2.58112645149231
v 4.557862758636475 -6.309889793395996 -2.068490505218506
v 4.561722755432129 -4.058910369873047 1.873583316802979
v 4.567471027374268 -7.795206546783447 -1.462837934494019
v 4.576848983764648 -3.544790744781494 -5.606258869171143
v 4.589142799377441 -2.597111701965332 -6.847837924957275
v 4.65029764175415 -3.051734209060669 -6.273947715759277
v 4.68006706237793 -1.403114199638367 -1.713394165039063
v 4.702368259429932 -11.76214981079102 -2.901265859603882
v 4.709396362304688 0.9381489157676697 -4.860170364379883
v 4.7688307762146 -9.119380950927734 -4.094822406768799
v 4.838335514068604 -1.415533781051636 -0.05796840041875839
v 4.864706516265869 -0.9020370841026306 -2.467035293579102
v 4.865839004516602 2.209072113037109 -6.880733013153076
v 4.886147022247315 0.5232430696487427 -4.372652053833008
v 4.914553165435791 -1.594571590423584 1.575865387916565
v 4.928400039672852 -10.29231548309326 0.02197755128145218
v 4.943798542022705 -10.7237138748169 -4.145509243011475
v 4.964232444763184 -0.4037483334541321 -3.17129111289978
v 4.971239566802979 0.07364515960216522 -3.808098077774048
v 5.023436546325684 -7.791975498199463 -3.05496072769165
v 5.046849250793457 -3.64746356010437 1.043926119804382
v 5.114213943481445 -5.763734340667725 -2.986294984817505
v 5.118577480316162 -0.05453021824359894 -0.9219063520431519
v 5.167732238769531 -5.584046363830566 1.692107796669006
v 5.189004898071289 -6.348827362060547 -0.1572761982679367
v 5.220012664794922 -0.7975977659225464 2.970209360122681
v 5.224082946777344 -7.483642101287842 -1.372186064720154
v 5.224606990814209 -8.31627082824707 0.05488583073019981
v 5.24290132522583 0.3449836373329163 -9.146734237670898
v 5.278167247772217 -1.482940435409546 -8.610627174377441
v 5.468072414398193 1.767177820205689 -8.333531379699707
v 5.493310451507568 -3.157260417938232 0.1913249790668488
v 5.526059150695801 1.512454986572266 -0.7764439582824707
v 5.564829349517822 -11.53767108917236 -0.8277509808540344
v 5.584046363830566 -5.167732238769531 -3.892120599746704
v 5.627494812011719 0.7693870067596436 3.115667581558228
v 5.63263463973999 1.716827392578125 -6.252674579620361
v 5.659844875335693 -9.037330627441406 -3.904687166213989
v 5.735118389129639 -7.538251399993897 -2.946958780288696
v 5.763734340667725 -5.114213943481445 0.7862929701805115
v 5.803406238555908 -5.803406238555908 -1.100000023841858
v 5.827868461608887 -1.990997552871704 -7.99706506729126
v 5.831518650054932 2.309422492980957 0.6178980469703674
v 5.882708549499512 -7.044816970825195 -1.245176911354065
v 5.884533405303955 -2.605755090713501 -0.6708444356918335
v 5.906834602355957 -9.776789665222168 0.3336509466171265
v 5.907736778259277 2.130393266677856 2.251734018325806
v 5.938303470611572 -7.783352851867676 0.2351382672786713
v 5.949380874633789 -4.536065101623535 -4.781120300292969
v 6.020773410797119 -11.53443908691406 -2.419873714447022
v 6.052619934082031 -1.90212881565094 0.1267106235027313
v 6.113418102264404 -10.59641075134277 -3.772747993469238
v 6.149334907531738 1.149780750274658 -5.551419258117676
v 6.15739107131958 -2.585006713867188 -7.274620532989502
v 6.184915542602539 -3.883418560028076 -5.647399425506592
v 6.20518159866333 -2.00912356376648 -1.531922698020935
v 6.213552474975586 -0.1558605283498764 -8.467569351196289
v 6.25901460647583 -1.907289743423462 1.754445791244507
v 6.265329837799072 -3.224436283111572 -6.484978675842285
v 6.309889793395996 -4.557862758636475 -0.1315052062273026
v 6.348827362060547 -5.189004898071289 -2.042727947235107
v 6.439857006072998 -1.383519411087036 -2.381229877471924
v 6.447828769683838 -0.7200056910514832 -0.924570620059967
v 6.454395294189453 0.5353460311889648 -4.799414157867432
v 6.460374355316162 -7.125797748565674 -2.795823574066162
v 6.463395595550537 1.2099369764328 -7.565456867218018
v 6.50304651260376 -6.50304651260376 -1.100000023841858
v 6.572320461273193 -0.7423737645149231 -3.21243143081665
v 6.583019733428955 -7.157161235809326 0.419284462928772
v 6.586271286010742 -0.099061019718647 -4.019129276275635
v 6.587530612945557 -8.739423751831055 -3.668816089630127
v 6.759246349334717 -10.97796154022217 -0.3882022202014923
v 6.79201602935791 -3.932929515838623 -1.056488752365112
v 6.801184177398682 -9.122213363647461 0.634838879108429
v 6.807834625244141 -4.518882751464844 -2.98438572883606
v 6.81337308883667 -1.027168393135071 3.000646114349365
v 6.870521068572998 -2.412682294845581 0.3301662802696228
v 6.894961833953857 -0.8029831647872925 -7.64268159866333
v 7.044816970825195 -5.882708549499512 -0.9548228979110718
v 7.096594333648682 0.7537633180618286 -1.017886877059937
v 7.125797748565674 -6.460374355316162 0.5958151817321777
v 7.148916721343994 0.5233080983161926 -6.681261539459229
v 7.157161235809326 -6.583019733428955 -2.619282484054565
v 7.162993907928467 -3.806214332580566 -3.923966884613037
v 7.193728446960449 -3.253282785415649 -1.98585307598114
v 7.269757747650147 -10.19994354248047 -3.390063762664795
v 7.27028226852417 -11.03257083892822 -1.962985515594482
v 7.276450634002686 -2.295994997024536 1.909453749656677
v 7.301877498626709 -1.536815524101257 -6.734066963195801
v 7.327849388122559 -1.4434574842453 -0.9026891589164734
v 7.376521587371826 -2.874941349029541 0.5465241670608521
v 7.386109352111816 -3.062160968780518 -4.863170146942139
v 7.449005126953125 -2.297778367996216 -5.803716659545898
v 7.462159156799316 0.4465992152690888 2.907334327697754
v 7.483642101287842 -5.224082946777344 -0.827809751033783
v 7.497299671173096 -8.245465278625488 -3.406427383422852
v 7.498621463775635 -2.53278923034668 -2.916853427886963
v 7.538251399993897 -5.735118389129639 0.7469651103019714
v 7.556314468383789 -0.2356617301702499 -5.738302707672119
v 7.588413238525391 -8.353949546813965 0.9257112145423889
v 7.650973796844482 1.633887529373169 0.2283115983009338
v 7.669057369232178 -3.329186201095581 0.735139012336731
v 7.681540012359619 -1.781602621078491 -3.852008104324341
v 7.717310428619385 -1.009931802749634 -4.793854236602783
v 7.783352851867676 -5.938303470611572 -2.435146570205689
v 7.791975498199463 -5.023436546325684 0.8549688458442688
v 7.795206546783447 -4.567471027374268 -0.7371664047241211
v 7.810542106628418 -2.128474950790405 -0.8422121405601502
v 7.838109493255615 -10.2419023513794 0.02422451600432396
v 7.846479415893555 -3.815780878067017 0.8553653955459595
v 7.85734748840332 1.628718256950378 1.856046676635742
v 7.892802715301514 -4.36906909942627 0.8982828259468079
v 7.987587451934815 -3.936076641082764 -0.6950356960296631
v 8.017126083374023 -2.767526865005493 -0.7701668739318848
v 8.047168731689453 -2.741281986236572 2.021712303161621
v 8.068840980529785 -3.353081703186035 -0.7135729789733887
v 8.126869201660156 -1.42321240901947 2.958924770355225
v 8.203989028930664 -0.1444099396467209 -1.259296178817749
v 8.245465278625488 -7.497299671173096 1.206429958343506
v 8.31627082824707 -5.224606990814209 -2.254892110824585
v 8.353949546813965 -7.588413238525391 -3.125703096389771
v 8.360179901123047 -9.584345817565918 -3.006729125976563
v 8.415776252746582 -10.32288265228272 -1.526405096054077
v 8.600499153137207 -3.285003423690796 2.066715002059937
v 8.733235359191895 -4.474847316741943 -2.090036392211914
v 8.739423751831055 -6.587530612945557 1.468818306922913
v 8.785201072692871 -9.359342575073242 0.419284462928772
v 8.856027603149414 -1.095156311988831 -1.471732974052429
v 8.965854644775391 -3.969034910202026 2.019958257675171
v 9.003007888793945 -0.1241543814539909 2.602321863174439
v 9.026001930236816 -3.694646120071411 -1.939278721809387
v 9.037330627441406 -5.659844875335693 1.704695343971252
v 9.054408073425293 0.7283762097358704 -0.2098211795091629
v 9.119380950927734 -4.7688307762146 1.894822835922241
v 9.122213363647461 -6.801184177398682 -2.834845066070557
v 9.150808334350586 -2.032284736633301 -1.653120398521423
v 9.186326026916504 -2.889626741409302 -1.801297664642334
v 9.210955619812012 -2.014347553253174 2.82414698600769
v 9.359342575073242 -8.785201072692871 -2.619282484054565
v 9.439294815063477 -9.439294815063477 -1.100000023841858
v 9.460337638854981 0.8450706601142883 1.369467854499817
v 9.584345817565918 -8.360179901123047 0.8067289590835571
v 9.776789665222168 -5.906834602355957 -2.533644676208496
v 10.01983547210693 -0.3682301938533783 -0.6693066358566284
v 10.02587795257568 -2.808499813079834 2.602206468582153
v 10.19994354248047 -7.269757747650147 1.190053701400757
v 10.2419023513794 -7.838109493255615 -2.224220275878906
v 10.25646209716797 -0.9810243248939514 2.194619655609131
v 10.29231548309326 -4.928400039672852 -2.221975326538086
v 10.32288265228272 -8.415776252746582 -0.6735947132110596
v 10.53183650970459 -3.813556909561157 2.298994064331055
v 10.5761661529541 -1.55578088760376 -1.11762261390686
v 10.59641075134277 -6.113418102264404 1.572756290435791
v 10.63033390045166 -3.869592905044556 -1.888592720031738
v 10.69046211242676 -0.2345645725727081 0.8058834671974182
v 10.7237138748169 -4.943798542022705 1.94550883769989
v 10.75230884552002 -2.734148740768433 -1.522272348403931
v 10.97796154022217 -6.759246349334717 -1.811787366867065
v 11.03257083892822 -7.27028226852417 -0.2370229512453079
v 11.15953826904297 -2.073257446289063 1.719255089759827
v 11.50762748718262 -1.511598348617554 0.2139491140842438
v 11.53443908691406 -6.020773410797119 0.2198841422796249
v 11.53767108917236 -5.564829349517822 -1.372248888015747
v 11.64930152893066 -3.350123643875122 1.211264133453369
v 11.76214981079102 -4.702368259429932 0.7012657523155212
v 11.85691261291504 -4.269354343414307 -0.8920527100563049
v 11.87166118621826 -2.887403011322022 -0.3576752245426178
