
v -9.520191192626953 2.550923347473145 3.810526791022187e-15
v -9.516721725463867 1.892991542816162 -0.492800235748291
v -9.509861946105957 1.251996397972107 -0.985600471496582
v -9.265117645263672 2.482569932937622 -0.985600471496582
v -9.191710472106934 0.6024541854858398 -1.346353888511658
v -9.188161849975586 3.11896824836731 -0.492800235748291
v -9.188161849975586 3.11896824836731 0.492800235748291
v -9.105765342712402 3.771727561950684 3.539453589769472e-15
v -9.08873462677002 1.196550607681274 -0.7402805685997009
v -9.06847095489502 1.80383026599884 -0.3706015348434448
v -9.046156883239746 2.423891305923462 3.838733411682229e-15
v -9.034408569335938 1.797049403190613 -1.346353888511658
v -8.870404243469238 4.762258092754802e-15 -1.707107424736023
v -8.86173152923584 3.670668125152588 -0.985600471496582
v -8.86173152923584 3.670668125152588 0.985600471496582
v -8.857552528381348 0.5805580615997315 -1.012188076972961
v -8.854792594909668 2.372616291046143 -0.7402805685997009
v -8.794552803039551 1.157820343971252 -1.707107424736023
v -8.755364418029785 2.972042798995972 -0.3705936670303345
v -8.755364418029785 2.972042798995972 0.3705936670303345
v -8.722564697265625 2.960901498794556 -1.346353888511658
v -8.705927848815918 1.731715798377991 -1.012188076972961
v -8.702458381652832 4.291588306427002 -0.492800235748291
v -8.702458381652832 4.291588306427002 0.492800235748291
v -8.652389526367188 3.583919286727905 3.581155351103406e-15
v -8.625423431396484 4.856504484180473e-15 -1.282660365104675
v -8.568180084228516 2.295826435089111 -1.707107424736023
v -8.551700592041016 1.125839591026306 -1.282660365104675
v -8.535536766052246 4.92800235748291 3.282709009610747e-15
v -8.469305038452148 3.50810694694519 -0.7402884364128113
v -8.469305038452148 3.50810694694519 0.7402884364128113
v -8.405437469482422 2.85324239730835 -1.012188076972961
v -8.341807365417481 -0.5467481017112732 -1.839154124259949
v -8.341807365417481 0.5467481017112732 -1.839154124259949
v -8.331557273864746 2.23241662979126 -1.282660365104675
v -8.306877136230469 4.795955657958984 0.985600471496582
v -8.292527198791504 4.08945369720459 -0.3706015348434448
v -8.292527198791504 4.08945369720459 0.3706015348434448
v -8.26146125793457 4.074093818664551 1.346353888511658
v -8.219356536865234 -0.538729190826416 -1.382253527641296
v -8.219356536865234 0.538729190826416 -1.382253527641296
v -8.199013710021973 1.630892753601074 -1.839154124259949
v -8.110546112060547 4.682635307312012 3.337191439327565e-15
v -8.078691482543945 1.606954574584961 -1.382253527641296
v -8.067888259887695 5.390777111053467 0.492800235748291
v -7.961129188537598 3.92599368095398 1.012188076972961
v -7.938972473144531 4.58357048034668 0.7402884364128113
v -7.884803771972656 4.703617578299913e-15 -1.971200942993164
v -7.884803771972656 4.812384655540365e-15 -1.481357574462891
v -7.817349433898926 -1.029171943664551 -1.971200942993164
v -7.817349433898926 -1.029171943664551 -1.481357574462891
v -7.817349433898926 1.029171943664551 -1.971200942993164
v -7.817349433898926 1.029171943664551 -1.481357574462891
v -7.687880992889404 5.136863231658936 0.3706094324588776
v -7.681998729705811 4.435202121734619 1.707107424736023
v -7.658990859985352 5.117577075958252 1.346353888511658
v -7.609774112701416 5.839186191558838 0.985600471496582
v -7.482812881469727 -0.4904505610466003 -1.382253527641296
v -7.482812881469727 0.4904505610466003 -1.382253527641296
v -7.469842433929443 4.312711715698242 1.282660365104675
v -7.380554676055908 4.93152666091919 1.012188076972961
v -7.360385417938232 -0.4824238419532776 -1.839154124259949
v -7.360385417938232 0.4824238419532776 -1.839154124259949
v -7.354771614074707 -1.46296226978302 -1.382253527641296
v -7.272777557373047 5.580595970153809 0.7402805685997009
v -7.234441757202148 -1.439023971557617 -1.839154124259949
v -7.144192218780518 4.856504484180473e-15 -1.282660365104675
v -7.083069324493408 -0.932512104511261 -1.282660365104675
v -7.037368774414063 5.39996337890625 1.707107424736023
v -6.950809478759766 4.644378185272217 1.839154124259949
v -6.925491333007813 6.073490619659424 1.346353888511658
v -6.9007568359375 -1.849057555198669 -1.282660365104675
v -6.899203300476074 4.762258092754802e-15 -1.707107424736023
v -6.848795890808106 4.57621431350708 1.382253527641296
v -6.844648361206055 -0.4486216902732849 -1.012188076972961
v -6.843008518218994 5.250822067260742 1.282660365104675
v -6.8401780128479 -0.9005313515663147 -1.707107424736023
v -6.727535247802734 -1.33819317817688 -1.012188076972961
v -6.673713684082031 5.85268497467041 1.012188076972961
v -6.664117813110352 -1.785647869110107 -1.707107424736023
v -6.545987606048584 -0.8618011474609375 -0.7402805685997009
v -6.510482311248779 -0.4267176985740662 -1.346353888511658
v -6.495312213897705 -2.204859256744385 -1.012188076972961
v -6.399085998535156 -1.272859692573547 -1.346353888511658
v -6.377505779266357 -1.708842039108276 -0.7402805685997009
v -6.365039348602295 -1.26608669757843 -0.3706015348434448
v -6.285134792327881 5.511911869049072 1.839154124259949
v -6.28512716293335 -5.511911869049072 1.839154124259949
v -6.272321701049805 -6.272321701049805 1.707107424736023
v -6.272321701049805 6.272321701049805 1.707107424736023
v -6.255433082580566 -4.799961090087891 1.48134970664978
v -6.255433082580566 -4.799961090087891 1.971200942993164
v -6.255433082580566 4.799961090087891 1.48134970664978
v -6.255433082580566 4.799961090087891 1.971200942993164
v -6.235082149505615 -4.166149139404297 1.382253527641296
v -6.192890644073486 5.431013107299805 1.382253527641296
v -6.192882537841797 -5.431013107299805 1.382253527641296
v -6.187047958374023 -3.572092056274414 1.282660365104675
v -6.18613338470459 -1.657567143440247 4.744999372938022e-15
v -6.178201198577881 -2.097215890884399 -1.346353888511658
v -6.151952266693115 -3.033804655075073 1.012188076972961
v -6.145329475402832 -2.086058855056763 -0.3706015348434448
v -6.145329475402832 -2.086058855056763 0.3706015348434448
v -6.133068561553955 -4.097984790802002 1.839154124259949
v -6.124844551086426 -0.8063552379608154 -0.985600471496582
v -6.099889278411865 -2.526654005050659 -0.7402805685997009
v -6.099889278411865 -2.526654005050659 0.7402805685997009
v -6.099092960357666 -6.099092960357666 1.282660365104675
v -6.099092960357666 6.099092960357666 1.282660365104675
v -6.073498725891113 -6.925491333007813 1.346353888511658
v -5.974884033203125 -3.449601650238037 1.707107424736023
v -5.967195987701416 -1.598904252052307 -0.985600471496582
v -5.916859149932861 -2.450833559036255 4.921139874319554e-15
v -5.916788578033447 -1.176925301551819 -0.492800235748291
v -5.852692604064941 -6.673713684082031 1.012188076972961
v -5.85160493850708 -2.885688543319702 1.346353888511658
v -5.839193820953369 -7.609774112701416 0.985600471496582
v -5.820467948913574 -2.870336771011353 -0.3706015348434448
v -5.820467948913574 -2.870336771011353 0.3706015348434448
v -5.717917919158936 -3.301241159439087 0.7402805685997009
v -5.71254825592041 -1.939149141311646 -0.492800235748291
v -5.71254825592041 -1.939149141311646 0.492800235748291
v -5.712098598480225 -1.530550837516785 4.716796140409769e-15
v -5.707447052001953 -2.364100694656372 -0.985600471496582
v -5.707447052001953 -2.364100694656372 0.985600471496582
v -5.703322887420654 -3.810843944549561 1.012188076972961
v -5.667864799499512 -4.349108219146729 1.282660365104675
v -5.637950420379639 -4.944347381591797 1.382253527641296
v -5.637950420379639 4.944347381591797 1.382253527641296
v -5.580604076385498 -7.272777557373047 0.7402805685997009
v -5.575399875640869 -5.575399875640869 1.48134970664978
v -5.575399875640869 -5.575399875640869 1.971200942993164
v -5.575399875640869 5.575399875640869 1.48134970664978
v -5.575399875640869 5.575399875640869 1.971200942993164
v -5.546336650848389 -3.202176570892334 5.087971483610761e-15
v -5.545705795288086 -4.863449573516846 1.839154124259949
v -5.545705795288086 4.863449573516846 1.839154124259949
v -5.511911869049072 -6.28512716293335 1.839154124259949
v -5.511911869049072 6.28512716293335 1.839154124259949
v -5.473504543304443 -4.199967384338379 1.707107424736023
v -5.463459491729736 -2.263033390045166 4.879439595293278e-15
v -5.431013107299805 -6.192882537841797 1.382253527641296
v -5.431013107299805 6.192882537841797 1.382253527641296
v -5.42487907409668 -3.624794244766235 1.346353888511658
v -5.410568237304688 -2.668194055557251 -0.492800235748291
v -5.410568237304688 -2.668194055557251 0.492800235748291
v -5.39996337890625 -7.037360668182373 1.707107424736023
v -5.396020412445068 -3.605507850646973 0.3706015348434448
v -5.390777111053467 -8.067888259887695 0.492800235748291
v -5.350044250488281 -3.088848352432251 0.985600471496582
v -5.250822067260742 -6.843000411987305 1.282660365104675
v -5.238088130950928 -4.019333839416504 0.7402805685997009
v -5.157118797302246 -4.52267599105835 1.012188076972961
v -5.136855125427246 -7.687880992889404 0.3706094324588776
v -5.121330261230469 -2.956801414489746 5.033487359828049e-15
v -5.117577075958252 -7.658990859985352 1.346353888511658
v -5.051707267761231 -5.051699161529541 1.282660365104675
v -5.051707267761231 5.051699161529541 1.282660365104675
v -5.016012668609619 -3.351593494415283 0.492800235748291
v -4.944355487823486 -5.637942314147949 1.382253527641296
v -4.944347381591797 5.637942314147949 1.382253527641296
v -4.93152666091919 -7.380554676055908 1.012188076972961
v -4.92800235748291 -8.535536766052246 6.27221544694705e-15
v -4.905341148376465 -4.301869869232178 1.346353888511658
v -4.901091575622559 -3.760743856430054 0.985600471496582
v -4.878478050231934 -4.878470420837402 1.707107424736023
v -4.878478050231934 4.878470420837402 1.707107424736023
v -4.863457679748535 -5.545697689056397 1.839154124259949
v -4.863449573516846 5.545697689056397 1.839154124259949
v -4.79996919631958 -6.255433082580566 1.48134970664978
v -4.79996919631958 -6.255433082580566 1.971200942993164
v -4.799961090087891 6.255433082580566 1.48134970664978
v -4.799961090087891 6.255433082580566 1.971200942993164
v -4.795955657958984 -8.306877136230469 0.985600471496582
v -4.682635307312012 -8.110546112060547 6.177848353326396e-15
v -4.644386291503906 -6.950809478759766 1.839154124259949
v -4.58357048034668 -7.938972473144531 0.7402805685997009
v -4.576221942901611 -6.848795890808106 1.382253527641296
v -4.52267599105835 5.157118797302246 1.012188076972961
v -4.435202121734619 -7.681998729705811 1.707107424736023
v -4.349108219146729 5.667864799499512 1.282660365104675
v -4.312711715698242 -7.469842433929443 1.282660365104675
v -4.301869869232178 4.905341148376465 1.346353888511658
v -4.291588306427002 -8.702458381652832 -0.492800235748291
v -4.291588306427002 -8.702458381652832 0.492800235748291
v -4.199967384338379 5.473504543304443 1.707107424736023
v -4.166149139404297 6.235082149505615 1.382253527641296
v -4.097984790802002 6.133068561553955 1.839154124259949
v -4.08945369720459 -8.292527198791504 -0.3706015348434448
v -4.08945369720459 -8.292527198791504 0.3706015348434448
v -4.074093818664551 -8.26146125793457 1.346353888511658
v -4.019333839416504 5.238095760345459 0.7402805685997009
v -3.92599368095398 -7.961129188537598 1.012188076972961
v -3.810843944549561 5.703322887420654 1.012188076972961
v -3.771727561950684 -9.105765342712402 6.398831625968517e-15
v -3.760743856430054 4.901091575622559 0.985600471496582
v -3.670668125152588 -8.86173152923584 -0.985600471496582
v -3.670668125152588 -8.86173152923584 0.985600471496582
v -3.624794244766235 5.42487907409668 1.346353888511658
v -3.605507850646973 5.396020412445068 0.3706015348434448
v -3.583919286727905 -8.652389526367188 6.298161760187344e-15
v -3.572092056274414 6.187047958374023 1.282660365104675
v -3.50810694694519 -8.469305038452148 -0.7402884364128113
v -3.50810694694519 -8.469305038452148 0.7402884364128113
v -3.449601650238037 5.974884033203125 1.707107424736023
v -3.351593494415283 5.016012668609619 0.492800235748291
v -3.301241159439087 5.717909812927246 0.7402805685997009
v -3.202184200286865 5.546336650848389 3.145411321607929e-15
v -3.11896824836731 -9.188161849975586 -0.492800235748291
v -3.11896824836731 -9.188161849975586 0.492800235748291
v -3.088848352432251 5.350036144256592 0.985600471496582
v -3.033804655075073 6.151945114135742 1.012188076972961
v -2.972042798995972 -8.755364418029785 -0.3705936670303345
v -2.972042798995972 -8.755364418029785 0.3705936670303345
v -2.960909366607666 -8.722564697265625 -1.346353888511658
v -2.956801414489746 5.121330261230469 3.239781591602136e-15
v -2.885688543319702 5.851596832275391 1.346353888511658
v -2.870344638824463 5.820467948913574 -0.3706015348434448
v -2.870344638824463 5.820467948913574 0.3706015348434448
v -2.853250503540039 -8.405437469482422 -1.012188076972961
v -2.668201923370361 5.410568237304688 -0.492800235748291
v -2.668201923370361 5.410568237304688 0.492800235748291
v -2.550923347473145 -9.520191192626953 6.490852438325277e-15
v -2.52666163444519 6.099889278411865 -0.7402805685997009
v -2.52666163444519 6.099889278411865 0.7402805685997009
v -2.482569932937622 -9.265117645263672 -0.985600471496582
v -2.450841665267944 5.916859149932861 3.063138799682882e-15
v -2.423891305923462 -9.046156883239746 6.385595465618248e-15
v -2.372616291046143 -8.854792594909668 -0.7402884364128113
v -2.364100694656372 5.707447052001953 -0.985600471496582
v -2.364100694656372 5.707447052001953 0.985600471496582
v -2.295834064483643 -8.568180084228516 -1.707107424736023
v -2.263041257858276 5.463459491729736 3.16381374766174e-15
v -2.23242449760437 -8.331557273864746 -1.282660365104675
v -2.204859256744385 6.495312213897705 -1.012188076972961
v -2.097215890884399 6.178201198577881 -1.346353888511658
v -2.086058855056763 6.145329475402832 -0.3706015348434448
v -2.086058855056763 6.145329475402832 0.3706015348434448
v -1.939149141311646 5.71254825592041 -0.492800235748291
v -1.939149141311646 5.71254825592041 0.492800235748291
v -1.892991542816162 -9.516721725463867 -0.492800235748291
v -1.849057555198669 6.9007568359375 -1.282660365104675
v -1.80383026599884 -9.06847095489502 -0.3706015348434448
v -1.797057271003723 -9.034408569335938 -1.346353888511658
v -1.785647869110107 6.664117813110352 -1.707107424736023
v -1.731723785400391 -8.705927848815918 -1.012188076972961
v -1.708842039108276 6.377505779266357 -0.7402805685997009
v -1.657567143440247 6.18613338470459 3.003347802727385e-15
v -1.630892753601074 -8.199013710021973 -1.839154124259949
v -1.606954574584961 -8.078691482543945 -1.382253527641296
v -1.598904252052307 5.967195987701416 -0.985600471496582
v -1.530550837516785 5.712098598480225 3.108604775434415e-15
v -1.46296226978302 7.354771614074707 -1.382253527641296
v -1.439023971557617 7.234441757202148 -1.839154124259949
v -1.33819317817688 6.727535247802734 -1.012188076972961
v -1.272859692573547 6.399085998535156 -1.346353888511658
v -1.26608669757843 6.365039348602295 -0.3706015348434448
v -1.252004384994507 -9.509861946105957 -0.985600471496582
v -1.196558475494385 -9.08873462677002 -0.7402805685997009
v -1.176925301551819 5.916788578033447 -0.492800235748291
v -1.157828211784363 -8.794552803039551 -1.707107424736023
v -1.125847458839417 -8.551700592041016 -1.282660365104675
v -1.029179811477661 -7.817349433898926 -1.971200942993164
v -1.029179811477661 -7.817349433898926 -1.481357574462891
v -1.029171943664551 7.817349433898926 -1.971200942993164
v -1.029171943664551 7.817349433898926 -1.481357574462891
v -0.932512104511261 7.083069324493408 -1.282660365104675
v -0.9005313515663147 6.8401780128479 -1.707107424736023
v -0.8618011474609375 6.545987606048584 -0.7402805685997009
v -0.8063552379608154 6.124844551086426 -0.985600471496582
v -0.6024541854858398 -9.191710472106934 -1.346353888511658
v -0.5805580615997315 -8.857552528381348 -1.012188076972961
v -0.5467559695243835 -8.341807365417481 -1.839154124259949
v -0.5467481017112732 8.341807365417481 -1.839154124259949
v -0.538729190826416 -8.219356536865234 -1.382253527641296
v -0.538729190826416 8.219356536865234 -1.382253527641296
v -0.4904505610466003 -7.482812881469727 -1.382253527641296
v -0.4904505610466003 7.482812881469727 -1.382253527641296
v -0.4824238419532776 -7.360385417938232 -1.839154124259949
v -0.4824238419532776 7.360385417938232 -1.839154124259949
v -0.4486216902732849 6.844648361206055 -1.012188076972961
v -0.4267255961894989 6.510482311248779 -1.346353888511658
v 0 -8.870404243469238 -1.707107424736023
v 0 -8.625423431396484 -1.282660365104675
v 0 -7.884803771972656 -1.971200942993164
v 0 -7.884803771972656 -1.481357574462891
v 0 -7.144192218780518 -1.282660365104675
v 0 -6.899203300476074 -1.707107424736023
v 0 6.899203300476074 -1.707107424736023
v 0 7.144192218780518 -1.282660365104675
v 0 7.884803771972656 -1.971200942993164
v 0 7.884803771972656 -1.481357574462891
v 0 8.625423431396484 -1.282660365104675
v 0 8.870404243469238 -1.707107424736023
v 0.4267176985740662 -6.510482311248779 -1.346353888511658
v 0.4486216902732849 -6.844648361206055 -1.012188076972961
v 0.4824238419532776 -7.360385417938232 -1.839154124259949
v 0.4824238419532776 7.360385417938232 -1.839154124259949
v 0.4904505610466003 -7.482812881469727 -1.382253527641296
v 0.4904505610466003 7.482812881469727 -1.382253527641296
v 0.538729190826416 -8.219356536865234 -1.382253527641296
v 0.538729190826416 8.219356536865234 -1.382253527641296
v 0.5467481017112732 -8.341807365417481 -1.839154124259949
v 0.5467481017112732 8.341807365417481 -1.839154124259949
v 0.5805501937866211 8.857552528381348 -1.012188076972961
v 0.6024541854858398 9.191710472106934 -1.346353888511658
v 0.8063473701477051 -6.124844551086426 -0.985600471496582
v 0.8617932796478272 -6.545987606048584 -0.7402805685997009
v 0.9005234837532044 -6.8401780128479 -1.707107424736023
v 0.9325042366981506 -7.083069324493408 -1.282660365104675
v 1.029171943664551 -7.817349433898926 -1.971200942993164
v 1.029171943664551 -7.817349433898926 -1.481357574462891
v 1.029171943664551 7.817349433898926 -1.971200942993164
v 1.029171943664551 7.817349433898926 -1.481357574462891
v 1.125839591026306 8.551700592041016 -1.282660365104675
v 1.157820343971252 8.794552803039551 -1.707107424736023
v 1.176917314529419 -5.916788578033447 -0.492800235748291
v 1.196550607681274 9.08873462677002 -0.7402805685997009
v 1.251996397972107 9.509861946105957 -0.985600471496582
v 1.26607882976532 -6.365039348602295 -0.3706015348434448
v 1.272851824760437 -6.399085998535156 -1.346353888511658
v 1.33818519115448 -6.727535247802734 -1.012188076972961
v 1.439016103744507 -7.234441757202148 -1.839154124259949
v 1.46295440196991 -7.354771614074707 -1.382253527641296
v 1.530550837516785 -5.712106704711914 5.645287822685042e-15
v 1.598904252052307 -5.967195987701416 -0.985600471496582
v 1.606954574584961 8.078691482543945 -1.382253527641296
v 1.630892753601074 8.199013710021973 -1.839154124259949
v 1.657567143440247 -6.186141014099121 5.750544795392071e-15
v 1.708842039108276 -6.377505779266357 -0.7402884364128113
v 1.731715798377991 8.705927848815918 -1.012188076972961
v 1.785640001296997 -6.664117813110352 -1.707107424736023
v 1.797049403190613 9.034408569335938 -1.346353888511658
v 1.80383026599884 9.06847095489502 -0.3706015348434448
v 1.84904956817627 -6.9007568359375 -1.282660365104675
v 1.892991542816162 9.516721725463867 -0.492800235748291
v 1.939149141311646 -5.7125563621521 -0.492800235748291
v 1.939149141311646 -5.71254825592041 0.492800235748291
v 2.086058855056763 -6.145337104797363 -0.3706015348434448
v 2.086058855056763 -6.145329475402832 0.3706015348434448
v 2.097215890884399 -6.178193092346191 -1.346353888511658
v 2.204859256744385 -6.495304107666016 -1.012188076972961
v 2.23241662979126 8.331557273864746 -1.282660365104675
v 2.263041257858276 -5.463459491729736 5.590076944633586e-15
v 2.295826435089111 8.568180084228516 -1.707107424736023
v 2.364100694656372 -5.707447052001953 -0.985600471496582
v 2.364100694656372 -5.707447052001953 0.985600471496582
v 2.372616291046143 8.854792594909668 -0.7402805685997009
v 2.423891305923462 9.046156883239746 2.368295226677078e-15
v 2.450849294662476 -5.916859149932861 5.690751892612443e-15
v 2.482569932937622 9.265117645263672 -0.985600471496582
v 2.52666163444519 -6.099896907806397 -0.7402884364128113
v 2.52666163444519 -6.099896907806397 0.7402805685997009
v 2.550923347473145 9.520191192626953 2.263038465728285e-15
v 2.668201923370361 -5.410568237304688 -0.492800235748291
v 2.668201923370361 -5.410568237304688 0.492800235748291
v 2.85324239730835 8.405437469482422 -1.012188076972961
v 2.870344638824463 -5.820467948913574 -0.3706015348434448
v 2.870344638824463 -5.820467948913574 0.3706015348434448
v 2.885688543319702 -5.851596832275391 1.346353888511658
v 2.956801414489746 -5.121330261230469 5.51410910069319e-15
v 2.960901498794556 8.722564697265625 -1.346353888511658
v 2.972050666809082 8.755364418029785 -0.3705936670303345
v 2.972050666809082 8.755364418029785 0.3705936670303345
v 3.033804655075073 -6.151945114135742 1.012188076972961
v 3.088848352432251 -5.350036144256592 0.985600471496582
v 3.11897611618042 9.188161849975586 -0.492800235748291
v 3.11897611618042 9.188161849975586 0.492800235748291
v 3.202184200286865 -5.546336650848389 5.608479582445633e-15
v 3.301241159439087 -5.717909812927246 0.7402805685997009
v 3.351593494415283 -5.016012668609619 0.492800235748291
v 3.449601650238037 -5.974884033203125 1.707107424736023
v 3.50810694694519 8.469305038452148 -0.7402884364128113
v 3.50810694694519 8.469305038452148 0.7402884364128113
v 3.572092056274414 -6.187047958374023 1.282660365104675
v 3.583927154541016 8.652389526367188 2.455728932107982e-15
v 3.605507850646973 -5.396020412445068 0.3706015348434448
v 3.624794244766235 -5.42487907409668 1.346353888511658
v 3.670668125152588 8.86173152923584 -0.985600471496582
v 3.670668125152588 8.86173152923584 0.985600471496582
v 3.760743856430054 -4.901091575622559 0.985600471496582
v 3.771735191345215 9.105765342712402 2.355059278085045e-15
v 3.810843944549561 -5.703322887420654 1.012188076972961
v 3.92599368095398 7.961129188537598 1.012188076972961
v 4.019333839416504 -5.238095760345459 0.7402805685997009
v 4.074093818664551 8.26146125793457 1.346353888511658
v 4.08945369720459 8.292527198791504 -0.3706015348434448
v 4.08945369720459 8.292527198791504 0.3706015348434448
v 4.097984790802002 -6.133068561553955 1.839154124259949
v 4.166149139404297 -6.235082149505615 1.382253527641296
v 4.199967384338379 -5.473504543304443 1.707107424736023
v 4.291588306427002 8.702458381652832 -0.492800235748291
v 4.291588306427002 8.702458381652832 0.492800235748291
v 4.301869869232178 -4.905341148376465 1.346353888511658
v 4.312711715698242 7.469842433929443 1.282660365104675
v 4.349108219146729 -5.667864799499512 1.282660365104675
v 4.435202121734619 7.681998729705811 1.707107424736023
v 4.52267599105835 -5.157118797302246 1.012188076972961
v 4.576221942901611 6.848795890808106 1.382253527641296
v 4.58357048034668 7.938972473144531 0.7402884364128113
v 4.644386291503906 6.950809478759766 1.839154124259949
v 4.682627201080322 8.110546112060547 2.57604233896893e-15
v 4.795955657958984 8.306877136230469 0.985600471496582
v 4.799961090087891 -6.255440711975098 1.48134970664978
v 4.799961090087891 -6.255440711975098 1.971200942993164
v 4.79996919631958 6.255433082580566 1.48134970664978
v 4.79996919631958 6.255433082580566 1.971200942993164
v 4.863449573516846 -5.545705795288086 1.839154124259949
v 4.863449573516846 5.545697689056397 1.839154124259949
v 4.878470420837402 -4.878478050231934 1.707107424736023
v 4.878470420837402 4.878470420837402 1.707107424736023
v 4.901091575622559 3.760743856430054 0.985600471496582
v 4.905341148376465 4.301869869232178 1.346353888511658
v 4.92800235748291 8.535536766052246 2.481675457106512e-15
v 4.93152666091919 7.380554676055908 1.012188076972961
v 4.944347381591797 -5.637950420379639 1.382253527641296
v 4.944347381591797 5.637942314147949 1.382253527641296
v 5.016012668609619 3.351593494415283 0.492800235748291
v 5.051699161529541 -5.051707267761231 1.282660365104675
v 5.051699161529541 5.051699161529541 1.282660365104675
v 5.117577075958252 7.658990859985352 1.346353888511658
v 5.121330261230469 2.956801414489746 3.72040375598375e-15
v 5.136855125427246 7.687880992889404 0.3706094324588776
v 5.157118797302246 4.52267599105835 1.012188076972961
v 5.238095760345459 4.019333839416504 0.7402805685997009
v 5.250822067260742 6.843000411987305 1.282660365104675
v 5.350036144256592 3.088848352432251 0.985600471496582
v 5.390777111053467 8.067888259887695 0.492800235748291
v 5.396020412445068 3.605507850646973 0.3706015348434448
v 5.39996337890625 7.037360668182373 1.707107424736023
v 5.410568237304688 2.668201923370361 -0.492800235748291
v 5.410568237304688 2.668201923370361 0.492800235748291
v 5.42487907409668 3.624794244766235 1.346353888511658
v 5.431013107299805 -6.192890644073486 1.382253527641296
v 5.431013107299805 6.192882537841797 1.382253527641296
v 5.463459491729736 2.263041257858276 3.874449402936154e-15
v 5.473504543304443 4.199967384338379 1.707107424736023
v 5.511911869049072 -6.285134792327881 1.839154124259949
v 5.511911869049072 6.28512716293335 1.839154124259949
v 5.545697689056397 -4.863449573516846 1.839154124259949
v 5.545697689056397 4.863449573516846 1.839154124259949
v 5.546336650848389 3.202184200286865 3.66591751461867e-15
v 5.575392246246338 -5.575399875640869 1.48134970664978
v 5.575392246246338 -5.575399875640869 1.971200942993164
v 5.575399875640869 5.575399875640869 1.48134970664978
v 5.575399875640869 5.575399875640869 1.971200942993164
v 5.580595970153809 7.272777557373047 0.7402805685997009
v 5.637942314147949 -4.944347381591797 1.382253527641296
v 5.637942314147949 4.944347381591797 1.382253527641296
v 5.667864799499512 4.349108219146729 1.282660365104675
v 5.703322887420654 3.810843944549561 1.012188076972961
v 5.707447052001953 2.364100694656372 -0.985600471496582
v 5.707447052001953 2.364100694656372 0.985600471496582
v 5.712098598480225 1.530550837516785 4.03709497540203e-15
v 5.71254825592041 1.939149141311646 -0.492800235748291
v 5.71254825592041 1.939149141311646 0.492800235748291
v 5.717909812927246 3.301241159439087 0.7402805685997009
v 5.820467948913574 2.870344638824463 -0.3706015348434448
v 5.820467948913574 2.870344638824463 0.3706015348434448
v 5.839186191558838 7.609774112701416 0.985600471496582
v 5.851596832275391 2.885688543319702 1.346353888511658
v 5.85268497467041 6.673713684082031 1.012188076972961
v 5.916788578033447 1.176917314529419 -0.492800235748291
v 5.916859149932861 2.450841665267944 3.832749123909877e-15
v 5.967195987701416 1.598904252052307 -0.985600471496582
v 5.974884033203125 3.449601650238037 1.707107424736023
v 6.073490619659424 6.925491333007813 1.346353888511658
v 6.099092960357666 -6.099101066589356 1.282660365104675
v 6.099092960357666 6.099092960357666 1.282660365104675
v 6.099889278411865 2.52666163444519 -0.7402805685997009
v 6.099889278411865 2.52666163444519 0.7402805685997009
v 6.124844551086426 0.8063473701477051 -0.985600471496582
v 6.133068561553955 4.097984790802002 1.839154124259949
v 6.145329475402832 2.086058855056763 -0.3706015348434448
v 6.145329475402832 2.086058855056763 0.3706015348434448
v 6.151945114135742 3.033804655075073 1.012188076972961
v 6.178201198577881 2.097215890884399 -1.346353888511658
v 6.18613338470459 1.657567143440247 4.008891742873777e-15
v 6.187047958374023 3.572092056274414 1.282660365104675
v 6.192882537841797 -5.431013107299805 1.382253527641296
v 6.192882537841797 5.431013107299805 1.382253527641296
v 6.235082149505615 4.166149139404297 1.382253527641296
v 6.255433082580566 -4.799961090087891 1.48134970664978
v 6.255433082580566 -4.799961090087891 1.971200942993164
v 6.255433082580566 4.799961090087891 1.48134970664978
v 6.255433082580566 4.799961090087891 1.971200942993164
v 6.272321701049805 -6.272329807281494 1.707107424736023
v 6.272321701049805 6.272321701049805 1.707107424736023
v 6.28512716293335 -5.511911869049072 1.839154124259949
v 6.28512716293335 5.511911869049072 1.839154124259949
v 6.365039348602295 1.26607882976532 -0.3706015348434448
v 6.377505779266357 1.708842039108276 -0.7402805685997009
v 6.399085998535156 1.272859692573547 -1.346353888511658
v 6.495312213897705 2.204859256744385 -1.012188076972961
v 6.510482311248779 0.4267176985740662 -1.346353888511658
v 6.545987606048584 0.8617932796478272 -0.7402805685997009
v 6.664117813110352 1.785647869110107 -1.707107424736023
v 6.673713684082031 -5.852692604064941 1.012188076972961
v 6.727535247802734 1.33819317817688 -1.012188076972961
v 6.8401780128479 0.9005234837532044 -1.707107424736023
v 6.843008518218994 -5.250822067260742 1.282660365104675
v 6.844648361206055 0.4486216902732849 -1.012188076972961
v 6.848795890808106 -4.57621431350708 1.382253527641296
v 6.899203300476074 4.762258092754802e-15 -1.707107424736023
v 6.9007568359375 1.849057555198669 -1.282660365104675
v 6.925491333007813 -6.073498725891113 1.346353888511658
v 6.950809478759766 -4.644378185272217 1.839154124259949
v 7.037368774414063 -5.39996337890625 1.707107424736023
v 7.083069324493408 0.9325042366981506 -1.282660365104675
v 7.144192218780518 4.856504484180473e-15 -1.282660365104675
v 7.234441757202148 1.439023971557617 -1.839154124259949
v 7.272777557373047 -5.580595970153809 0.7402805685997009
v 7.354771614074707 1.46296226978302 -1.382253527641296
v 7.360385417938232 -0.4824238419532776 -1.839154124259949
v 7.360385417938232 0.4824238419532776 -1.839154124259949
v 7.380554676055908 -4.93152666091919 1.012188076972961
v 7.469842433929443 -4.312711715698242 1.282660365104675
v 7.482812881469727 -0.4904505610466003 -1.382253527641296
v 7.482812881469727 0.4904505610466003 -1.382253527641296
v 7.609774112701416 -5.839186191558838 0.985600471496582
v 7.658990859985352 -5.117577075958252 1.346353888511658
v 7.681998729705811 -4.435202121734619 1.707107424736023
v 7.687880992889404 -5.136863231658936 0.3706094324588776
v 7.817349433898926 -1.029171943664551 -1.971200942993164
v 7.817349433898926 -1.029171943664551 -1.481357574462891
v 7.817349433898926 1.029171943664551 -1.971200942993164
v 7.817349433898926 1.029171943664551 -1.481357574462891
v 7.884803771972656 4.703617578299913e-15 -1.971200942993164
v 7.884803771972656 4.812384655540365e-15 -1.481357574462891
v 7.938972473144531 -4.58357048034668 0.7402805685997009
v 7.961129188537598 -3.92599368095398 1.012188076972961
v 8.067888259887695 -5.390777111053467 0.492800235748291
v 8.078691482543945 -1.606954574584961 -1.382253527641296
v 8.110546112060547 -4.682635307312012 5.416699464725998e-15
v 8.199013710021973 -1.630892753601074 -1.839154124259949
v 8.219356536865234 -0.538729190826416 -1.382253527641296
v 8.219356536865234 0.538729190826416 -1.382253527641296
v 8.26146125793457 -4.074093818664551 1.346353888511658
v 8.292527198791504 -4.08945369720459 -0.3706015348434448
v 8.292527198791504 -4.08945369720459 0.3706015348434448
v 8.306877136230469 -4.795955657958984 0.985600471496582
v 8.331557273864746 -2.23241662979126 -1.282660365104675
v 8.341807365417481 -0.5467481017112732 -1.839154124259949
v 8.341807365417481 0.5467481017112732 -1.839154124259949
v 8.405437469482422 -2.85324239730835 -1.012188076972961
v 8.469305038452148 -3.50810694694519 -0.7402884364128113
v 8.469305038452148 -3.50810694694519 0.7402884364128113
v 8.535536766052246 -4.92800235748291 5.471181894442815e-15
v 8.551700592041016 -1.125839591026306 -1.282660365104675
v 8.568180084228516 -2.295826435089111 -1.707107424736023
v 8.625423431396484 4.856504484180473e-15 -1.282660365104675
v 8.652389526367188 -3.583927154541016 5.172737035257814e-15
v 8.702458381652832 -4.291588306427002 -0.492800235748291
v 8.702458381652832 -4.291588306427002 0.492800235748291
v 8.705927848815918 -1.731715798377991 -1.012188076972961
v 8.722564697265625 -2.960901498794556 -1.346353888511658
v 8.755364418029785 -2.972042798995972 -0.3705936670303345
v 8.755364418029785 -2.972042798995972 0.3705936670303345
v 8.794552803039551 -1.157820343971252 -1.707107424736023
v 8.854792594909668 -2.372616291046143 -0.7402884364128113
v 8.857552528381348 -0.5805501937866211 -1.012188076972961
v 8.86173152923584 -3.670668125152588 -0.985600471496582
v 8.86173152923584 -3.670668125152588 0.985600471496582
v 8.870404243469238 4.762258092754802e-15 -1.707107424736023
v 9.034408569335938 -1.797049403190613 -1.346353888511658
v 9.046156883239746 -2.423883199691773 4.915155586547202e-15
v 9.06847095489502 -1.80383026599884 -0.3706015348434448
v 9.08873462677002 -1.196550607681274 -0.7402805685997009
v 9.105765342712402 -3.771735191345215 5.214439008349985e-15
v 9.188161849975586 -3.11896824836731 -0.492800235748291
v 9.188161849975586 -3.11896824836731 0.492800235748291
v 9.191710472106934 -0.6024541854858398 -1.346353888511658
v 9.265117645263672 -2.482569932937622 -0.985600471496582
v 9.509861946105957 -1.251996397972107 -0.985600471496582
v 9.516721725463867 -1.892991542816162 -0.492800235748291
v 9.520191192626953 -2.550915479660034 4.943362630723718e-15
v -8.861809730529785 -3.670660018920898 0.985600471496582
v -8.722564697265625 -2.960901498794556 1.346353888511658
v -8.702458381652832 -4.291588306427002 0.492800235748291
v -8.568180084228516 -2.295826435089111 1.707107424736023
v -8.535536766052246 -4.92800235748291 5.471181894442815e-15
v -8.469383239746094 -3.50809907913208 0.7402884364128113
v -8.405437469482422 -2.85325813293457 1.012188076972961
v -8.331557273864746 -2.23242449760437 1.282660365104675
v -8.306877136230469 -4.795955657958984 0.985600471496582
v -8.292527198791504 -4.0894455909729 0.3706173300743103
v -8.26146125793457 -4.074093818664551 1.346353888511658
v -8.199013710021973 -1.630892753601074 1.839154124259949
v -8.195228576660156 -3.394550085067749 1.707107424736023
v -8.110546112060547 -4.682635307312012 5.416699464725998e-15
v -8.078691482543945 -1.606954574584961 1.382253527641296
v -8.067888259887695 -5.390777111053467 -0.492800235748291
v -8.067888259887695 -5.390777111053467 0.492800235748291
v -7.968856334686279 -3.300799608230591 1.282660365104675
v -7.961129188537598 -3.925977945327759 1.012188076972961
v -7.938972473144531 -4.58356237411499 0.7402805685997009
v -7.916027545928955 -2.687125205993652 1.839154124259949
v -7.819296836853027 -5.999957084655762 5.709203658335431e-15
v -7.817349433898926 -1.029171943664551 1.481357574462891
v -7.817349433898926 -1.029171943664551 1.971200942993164
v -7.799852848052979 -2.647693634033203 1.382253527641296
v -7.687880992889404 -5.136863231658936 -0.3706094324588776
v -7.687880992889404 -5.136863231658936 0.3706094324588776
v -7.681998729705811 -4.435202121734619 1.707107424736023
v -7.681998729705811 4.435202121734619 -1.707107424736023
v -7.658998966217041 -5.117577075958252 1.346353888511658
v -7.658990859985352 5.117577075958252 -1.346353888511658
v -7.616137027740479 -2.040737152099609 1.48134970664978
v -7.616137027740479 -2.040737152099609 1.971200942993164
v -7.609774112701416 -5.839186191558838 -0.985600471496582
v -7.609774112701416 -5.839186191558838 0.985600471496582
v -7.609774112701416 5.839186191558838 -0.985600471496582
v -7.497565269470215 -3.697381734848023 1.839154124259949
v -7.497557640075684 3.697389602661133 -1.839154124259949
v -7.482812881469727 -0.4904505610466003 1.382253527641296
v -7.469842433929443 -4.312711715698242 1.282660365104675
v -7.469842433929443 4.312711715698242 -1.282660365104675
v -7.429953098297119 -5.701201915740967 5.642866579005316e-15
v -7.387532711029053 -3.643118381500244 1.382253527641296
v -7.38751745223999 3.643126249313355 -1.382253527641296
v -7.380562782287598 -4.93152666091919 1.012188076972961
v -7.380554676055908 4.93152666091919 -1.012188076972961
v -7.360385417938232 -0.4824238419532776 1.839154124259949
v -7.354771614074707 -1.46296226978302 1.382253527641296
v -7.295209884643555 -6.397721767425537 -0.492800235748291
v -7.295209884643555 -6.397721767425537 0.492800235748291
v -7.295209884643555 6.397721767425537 -0.492800235748291
v -7.284612655639648 -3.017380475997925 1.48134970664978
v -7.284612655639648 -3.017380475997925 1.971200942993164
v -7.284605026245117 3.017380475997925 -1.971200942993164
v -7.284605026245117 3.017380475997925 -1.48134970664978
v -7.272777557373047 -5.580595970153809 -0.7402805685997009
v -7.272777557373047 -5.580595970153809 0.7402805685997009
v -7.272777557373047 5.580595970153809 -0.7402805685997009
v -7.234441757202148 -1.439023971557617 1.839154124259949
v -7.144192218780518 5.42612016516536e-15 1.282660365104675
v -7.10090446472168 -2.410431861877441 1.382253527641296
v -7.10090446472168 2.410431861877441 -1.382253527641296
v -7.083069324493408 -0.932512104511261 1.282660365104675
v -7.037368774414063 5.39996337890625 -1.707107424736023
v -6.984722137451172 -2.370992183685303 1.839154124259949
v -6.984722137451172 2.370992183685303 -1.839154124259949
v -6.969252109527588 -6.969244003295898 5.924428377485644e-15
v -6.969252109527588 6.969244003295898 2.829462314809681e-15
v -6.951590061187744 -6.096380710601807 -0.3706015348434448
v -6.951590061187744 -6.096380710601807 0.3706015348434448
v -6.951590061187744 6.096380710601807 -0.3706015348434448
v -6.950809478759766 4.644378185272217 -1.839154124259949
v -6.925491333007813 -6.073490619659424 -1.346353888511658
v -6.925491333007813 6.073490619659424 -1.346353888511658
v -6.9007568359375 -1.849057555198669 1.282660365104675
v -6.9007568359375 1.849057555198669 -1.282660365104675
v -6.899203300476074 5.520366133074557e-15 1.707107424736023
v -6.848795890808106 4.57621431350708 -1.382253527641296
v -6.844648361206055 -0.4486216902732849 1.012188076972961
v -6.844648361206055 0.4486216902732849 1.012188076972961
v -6.843008518218994 5.250822067260742 -1.282660365104675
v -6.8401780128479 -0.9005313515663147 1.707107424736023
v -6.828436851501465 3.942401885986328 -1.971200942993164
v -6.828436851501465 3.942401885986328 -1.48134970664978
v -6.782508373260498 -6.782508373260498 -0.985600471496582
v -6.782508373260498 6.782508373260498 -0.985600471496582
v -6.727535247802734 -1.33819317817688 1.012188076972961
v -6.727535247802734 1.33819317817688 -1.012188076972961
v -6.72552490234375 3.31666374206543 -1.382253527641296
v -6.673713684082031 -5.85268497467041 -1.012188076972961
v -6.673713684082031 5.85268497467041 -1.012188076972961
v -6.664117813110352 -1.785647869110107 1.707107424736023
v -6.664117813110352 1.785647869110107 -1.707107424736023
v -6.622233867645264 -6.622226238250732 5.847375060823341e-15
v -6.622233867645264 6.622226238250732 2.906515843230221e-15
v -6.615484237670898 3.26240086555481 -1.839154124259949
v -6.602474689483643 5.305687326658849e-15 0.7402805685997009
v -6.600361347198486 2.73396110534668 -1.282660365104675
v -6.545987606048584 -0.8618011474609375 0.7402805685997009
v -6.545987606048584 0.8618011474609375 -0.7402805685997009
v -6.545987606048584 0.8618011474609375 0.7402805685997009
v -6.510482311248779 -0.4267255961894989 1.346353888511658
v -6.510482311248779 0.4267176985740662 1.346353888511658
v -6.495304107666016 2.204859256744385 -1.012188076972961
v -6.482144355773926 -6.482144355773926 -0.7402805685997009
v -6.482144355773926 6.482144355773926 -0.7402805685997009
v -6.475844860076904 -0.4244468808174133 0.3706015348434448
v -6.475844860076904 0.4244468808174133 -0.3706015348434448
v -6.475844860076904 0.4244468808174133 0.3706015348434448
v -6.404361248016357 5.14131211291468e-15 4.376945346147663e-15
v -6.399085998535156 -1.272859692573547 1.346353888511658
v -6.399085998535156 1.272859692573547 -1.346353888511658
v -6.397729873657227 -7.295201778411865 -0.492800235748291
v -6.397729873657227 7.295201778411865 -0.492800235748291
v -6.397729873657227 7.295201778411865 0.492800235748291
v -6.377505779266357 1.708849906921387 -0.7402805685997009
v -6.374028205871582 2.640210628509522 -1.707107424736023
v -6.365039348602295 1.26608669757843 -0.3706015348434448
v -6.365039348602295 1.26608669757843 0.3706015348434448
v -6.349569320678711 0.8359389901161194 4.191329510701671e-15
v -6.28512716293335 5.511911869049072 -1.839154124259949
v -6.272321701049805 -6.272321701049805 -1.707107424736023
v -6.272321701049805 6.272321701049805 -1.707107424736023
v -6.255433082580566 4.799961090087891 -1.971200942993164
v -6.255433082580566 4.799961090087891 -1.48134970664978
v -6.235082149505615 4.166149139404297 -1.382253527641296
v -6.192882537841797 5.431013107299805 -1.382253527641296
v -6.187047958374023 3.572092056274414 -1.282660365104675
v -6.18613338470459 1.657567143440247 4.008891742873777e-15
v -6.178193092346191 2.097215890884399 -1.346353888511658
v -6.177696704864502 5.3601595919803e-15 0.985600471496582
v -6.151945114135742 3.033804655075073 -1.012188076972961
v -6.145329475402832 2.086058855056763 -0.3706015348434448
v -6.133068561553955 4.097984790802002 -1.839154124259949
v -6.124844551086426 -0.8063552379608154 0.985600471496582
v -6.124844551086426 0.8063552379608154 -0.985600471496582
v -6.124844551086426 0.8063552379608154 0.985600471496582
v -6.099896907806397 2.526654005050659 -0.7402805685997009
v -6.099092960357666 -6.099092960357666 -1.282660365104675
v -6.099092960357666 6.099092960357666 -1.282660365104675
v -6.096388339996338 -6.951581954956055 -0.3706015348434448
v -6.096388339996338 6.951581954956055 -0.3706015348434448
v -6.096388339996338 6.951581954956055 0.3706015348434448
v -6.073498725891113 -6.925491333007813 -1.346353888511658
v -6.073490619659424 6.925491333007813 -1.346353888511658
v -6.019787788391113 -0.3945634663105011 0.492800235748291
v -6.019787788391113 0.3945555686950684 0.492800235748291
v -6.019787788391113 0.3945634663105011 -0.492800235748291
v -5.999957084655762 7.819296836853027 2.640712669217085e-15
v -5.974884033203125 3.449601650238037 -1.707107424736023
v -5.967195987701416 1.598904252052307 -0.985600471496582
v -5.916788578033447 1.176925301551819 -0.492800235748291
v -5.916788578033447 1.176925301551819 0.492800235748291
v -5.913602828979492 5.14131211291468e-15 4.376945346147663e-15
v -5.863013744354248 0.7718828320503235 4.205552887951965e-15
v -5.852692604064941 -6.673713684082031 -1.012188076972961
v -5.85268497467041 6.673713684082031 -1.012188076972961
v -5.851596832275391 2.885688543319702 -1.346353888511658
v -5.839193820953369 -7.609774112701416 -0.985600471496582
v -5.839186191558838 7.609774112701416 -0.985600471496582
v -5.839186191558838 7.609774112701416 0.985600471496582
v -5.71254825592041 1.939149141311646 -0.492800235748291
v -5.712098598480225 1.530550837516785 4.03709497540203e-15
v -5.707447052001953 2.364100694656372 -0.985600471496582
v -5.701201915740967 7.429953098297119 2.727164451703885e-15
v -5.580604076385498 -7.272777557373047 -0.7402805685997009
v -5.580595970153809 7.272777557373047 -0.7402805685997009
v -5.580595970153809 7.272777557373047 0.7402805685997009
v -5.511911869049072 -6.28512716293335 -1.839154124259949
v -5.431013107299805 -6.192882537841797 -1.382253527641296
v -5.39996337890625 -7.037360668182373 -1.707107424736023
v -5.390777111053467 8.067888259887695 -0.492800235748291
v -5.390777111053467 8.067888259887695 0.492800235748291
v -5.250822067260742 -6.843000411987305 -1.282660365104675
v -5.136863231658936 7.687880992889404 -0.3706094324588776
v -5.136863231658936 7.687880992889404 0.3706094324588776
v -5.117577075958252 -7.658990859985352 -1.346353888511658
v -5.117577075958252 7.658990859985352 1.346353888511658
v -4.93152666091919 -7.380554676055908 -1.012188076972961
v -4.93152666091919 7.380554676055908 1.012188076972961
v -4.92800235748291 8.535536766052246 2.481675457106512e-15
v -4.79996919631958 -6.255433082580566 -1.971200942993164
v -4.79996919631958 -6.255433082580566 -1.48134970664978
v -4.795955657958984 8.306877136230469 0.985600471496582
v -4.682635307312012 8.110546112060547 2.57604233896893e-15
v -4.644386291503906 -6.950809478759766 -1.839154124259949
v -4.58357048034668 7.938972473144531 0.7402884364128113
v -4.576221942901611 -6.848795890808106 -1.382253527641296
v -4.435202121734619 -7.681998729705811 -1.707107424736023
v -4.435202121734619 7.681998729705811 1.707107424736023
v -4.312711715698242 -7.469842433929443 -1.282660365104675
v -4.312711715698242 7.469842433929443 1.282660365104675
v -4.291588306427002 8.702458381652832 0.492800235748291
v -4.166149139404297 -6.235082149505615 -1.382253527641296
v -4.097984790802002 -6.133068561553955 -1.839154124259949
v -4.08945369720459 8.292527198791504 0.3706015348434448
v -4.074093818664551 8.26146125793457 1.346353888511658
v -3.942401885986328 -6.828444957733154 -1.971200942993164
v -3.942401885986328 -6.828444957733154 -1.48134970664978
v -3.92599368095398 7.961129188537598 1.012188076972961
v -3.697389602661133 -7.497557640075684 -1.839154124259949
v -3.697389602661133 7.497557640075684 1.839154124259949
v -3.670668125152588 8.86173152923584 0.985600471496582
v -3.643126249313355 -7.38751745223999 -1.382253527641296
v -3.643126249313355 7.38751745223999 1.382253527641296
v -3.572092056274414 -6.187047958374023 -1.282660365104675
v -3.50810694694519 8.469305038452148 0.7402884364128113
v -3.449601650238037 -5.974884033203125 -1.707107424736023
v -3.394557952880859 8.195150375366211 1.707107424736023
v -3.31666374206543 -6.725532531738281 -1.382253527641296
v -3.300807476043701 7.968777179718018 1.282660365104675
v -3.26240086555481 -6.615492343902588 -1.839154124259949
v -3.033804655075073 -6.151945114135742 -1.012188076972961
v -3.017388105392456 -7.284612655639648 -1.971200942993164
v -3.017388105392456 -7.284612655639648 -1.48134970664978
v -3.017388105392456 7.284612655639648 1.48134970664978
v -3.017388105392456 7.284612655639648 1.971200942993164
v -2.960901498794556 8.722564697265625 1.346353888511658
v -2.885688543319702 -5.851596832275391 -1.346353888511658
v -2.85324239730835 8.405437469482422 1.012188076972961
v -2.73396110534668 -6.600369453430176 -1.282660365104675
v -2.687125205993652 7.916027545928955 1.839154124259949
v -2.647685527801514 7.799844741821289 1.382253527641296
v -2.640210628509522 -6.374036312103272 -1.707107424736023
v -2.52666163444519 -6.099889278411865 -0.7402805685997009
v -2.410439729690552 -7.10090446472168 -1.382253527641296
v -2.410431861877441 7.10090446472168 1.382253527641296
v -2.370999813079834 -6.984722137451172 -1.839154124259949
v -2.370992183685303 6.984722137451172 1.839154124259949
v -2.364100694656372 -5.707447052001953 -0.985600471496582
v -2.295826435089111 8.568180084228516 1.707107424736023
v -2.23241662979126 8.331557273864746 1.282660365104675
v -2.204859256744385 -6.495312213897705 -1.012188076972961
v -2.097215890884399 -6.178201198577881 -1.346353888511658
v -2.086058855056763 -6.145329475402832 -0.3706015348434448
v -2.040737152099609 7.616137027740479 1.48134970664978
v -2.040737152099609 7.616137027740479 1.971200942993164
v -1.939149141311646 -5.71254825592041 -0.492800235748291
v -1.849057555198669 -6.9007568359375 -1.282660365104675
v -1.849057555198669 6.9007568359375 1.282660365104675
v -1.785647869110107 -6.664117813110352 -1.707107424736023
v -1.785647869110107 6.664117813110352 1.707107424736023
v -1.708842039108276 -6.377505779266357 -0.7402805685997009
v -1.657567143440247 -6.18613338470459 5.750543101326177e-15
v -1.630892753601074 8.199013710021973 1.839154124259949
v -1.606954574584961 8.078691482543945 1.382253527641296
v -1.598904252052307 -5.967195987701416 -0.985600471496582
v -1.530550837516785 -5.712098598480225 5.645286128619148e-15
v -1.46296226978302 7.354771614074707 1.382253527641296
v -1.439023971557617 7.234441757202148 1.839154124259949
v -1.33819317817688 -6.727535247802734 -1.012188076972961
v -1.33819317817688 6.727535247802734 1.012188076972961
v -1.272859692573547 -6.399085998535156 -1.346353888511658
v -1.272859692573547 6.399085998535156 1.346353888511658
v -1.26608669757843 -6.365039348602295 -0.3706015348434448
v -1.26608669757843 -6.365039348602295 0.3706015348434448
v -1.176925301551819 -5.916788578033447 -0.492800235748291
v -1.176925301551819 -5.916788578033447 0.492800235748291
v -1.029171943664551 7.817349433898926 1.481357574462891
v -1.029171943664551 7.817349433898926 1.971200942993164
v -0.932512104511261 7.083069324493408 1.282660365104675
v -0.9005313515663147 6.8401780128479 1.707107424736023
v -0.8618011474609375 -6.545987606048584 -0.7402805685997009
v -0.8618011474609375 -6.545987606048584 0.7402805685997009
v -0.8618011474609375 6.545987606048584 0.7402805685997009
v -0.8359389901161194 -6.349569320678711 5.786832957401867e-15
v -0.8063552379608154 -6.124844551086426 -0.985600471496582
v -0.8063552379608154 -6.124844551086426 0.985600471496582
v -0.8063552379608154 6.124844551086426 0.985600471496582
v -0.7718828320503235 -5.863013744354248 5.678796022561949e-15
v -0.4904505610466003 7.482812881469727 1.382253527641296
v -0.4824238419532776 7.360385417938232 1.839154124259949
v -0.4486216902732849 -6.844648361206055 1.012188076972961
v -0.4486216902732849 6.844648361206055 1.012188076972961
v -0.4267255961894989 -6.510482311248779 1.346353888511658
v -0.4267255961894989 6.510482311248779 1.346353888511658
v -0.4244468808174133 -6.475844860076904 -0.3706015348434448
v -0.4244468808174133 -6.475844860076904 0.3706015348434448
v -0.4244468808174133 6.475844860076904 0.3706015348434448
v -0.3945555686950684 -6.019787788391113 -0.492800235748291
v -0.3945555686950684 -6.019787788391113 0.492800235748291
v -0.3945555686950684 6.019787788391113 0.492800235748291
v 0 -7.144192218780518 1.282660365104675
v 0 -6.899203300476074 1.707107424736023
v 0 -6.602474689483643 0.7402805685997009
v 0 -6.404361248016357 5.798999315139754e-15
v 0 -6.177696704864502 0.985600471496582
v 0 -5.913602828979492 5.690028949991962e-15
v 0 5.913602828979492 3.063861742303364e-15
v 0 6.177696704864502 0.985600471496582
v 0 6.404361248016357 2.954891588913809e-15
v 0 6.602474689483643 0.7402805685997009
v 0 6.899203300476074 1.707107424736023
v 0 7.144192218780518 1.282660365104675
v 0.3945555686950684 -6.019787788391113 0.492800235748291
v 0.3945555686950684 6.019787788391113 -0.492800235748291
v 0.3945555686950684 6.019787788391113 0.492800235748291
v 0.4244468808174133 -6.475844860076904 0.3706015348434448
v 0.4244468808174133 6.475844860076904 -0.3706015348434448
v 0.4244468808174133 6.475844860076904 0.3706015348434448
v 0.4267176985740662 -6.510482311248779 1.346353888511658
v 0.4267176985740662 6.510482311248779 1.346353888511658
v 0.4486216902732849 -6.844648361206055 1.012188076972961
v 0.4486216902732849 6.844648361206055 1.012188076972961
v 0.4824238419532776 -7.360385417938232 1.839154124259949
v 0.4904505610466003 -7.482812881469727 1.382253527641296
v 0.7718828320503235 5.863013744354248 3.075094881491614e-15
v 0.8063473701477051 -6.124844551086426 0.985600471496582
v 0.8063473701477051 6.124844551086426 -0.985600471496582
v 0.8063473701477051 6.124844551086426 0.985600471496582
v 0.8359389901161194 6.349569320678711 2.967057734893459e-15
v 0.8617932796478272 -6.545987606048584 0.7402805685997009
v 0.8617932796478272 6.545987606048584 -0.7402805685997009
v 0.8617932796478272 6.545987606048584 0.7402805685997009
v 0.9005234837532044 -6.8401780128479 1.707107424736023
v 0.9325042366981506 -7.083069324493408 1.282660365104675
v 1.029171943664551 -7.817349433898926 1.481357574462891
v 1.029171943664551 -7.817349433898926 1.971200942993164
v 1.176925301551819 5.916788578033447 -0.492800235748291
v 1.176925301551819 5.916788578033447 0.492800235748291
v 1.26608669757843 6.365039348602295 -0.3706015348434448
v 1.26608669757843 6.365039348602295 0.3706015348434448
v 1.272851824760437 -6.399085998535156 1.346353888511658
v 1.272859692573547 6.399085998535156 -1.346353888511658
v 1.33818519115448 -6.727535247802734 1.012188076972961
v 1.33819317817688 6.727535247802734 -1.012188076972961
v 1.439016103744507 -7.234441757202148 1.839154124259949
v 1.46295440196991 -7.354771614074707 1.382253527641296
v 1.530550837516785 5.712098598480225 3.108604775434415e-15
v 1.598904252052307 5.967195987701416 -0.985600471496582
v 1.606954574584961 -8.078691482543945 1.382253527641296
v 1.630892753601074 -8.199013710021973 1.839154124259949
v 1.657567143440247 6.18613338470459 3.003347802727385e-15
v 1.708849906921387 6.377505779266357 -0.7402805685997009
v 1.785640001296997 -6.664117813110352 1.707107424736023
v 1.785647869110107 6.664117813110352 -1.707107424736023
v 1.84904956817627 -6.9007568359375 1.282660365104675
v 1.849057555198669 6.9007568359375 -1.282660365104675
v 1.939149141311646 5.71254825592041 -0.492800235748291
v 2.040737152099609 -7.616137027740479 1.48134970664978
v 2.040737152099609 -7.616137027740479 1.971200942993164
v 2.086058855056763 6.145329475402832 -0.3706015348434448
v 2.097215890884399 6.178193092346191 -1.346353888511658
v 2.204859256744385 6.495304107666016 -1.012188076972961
v 2.23241662979126 -8.331557273864746 1.282660365104675
v 2.295826435089111 -8.568180084228516 1.707107424736023
v 2.364100694656372 5.707447052001953 -0.985600471496582
v 2.370992183685303 -6.984722137451172 1.839154124259949
v 2.370999813079834 6.984722137451172 -1.839154124259949
v 2.410431861877441 -7.10090446472168 1.382253527641296
v 2.410439729690552 7.10090446472168 -1.382253527641296
v 2.526654005050659 6.099896907806397 -0.7402805685997009
v 2.640210628509522 6.374028205871582 -1.707107424736023
v 2.647685527801514 -7.799852848052979 1.382253527641296
v 2.687125205993652 -7.916027545928955 1.839154124259949
v 2.73396110534668 6.600361347198486 -1.282660365104675
v 2.85324239730835 -8.405437469482422 1.012188076972961
v 2.885688543319702 5.851596832275391 -1.346353888511658
v 2.960901498794556 -8.722564697265625 1.346353888511658
v 3.017388105392456 -7.284605026245117 1.48134970664978
v 3.017388105392456 -7.284605026245117 1.971200942993164
v 3.017388105392456 7.284605026245117 -1.971200942993164
v 3.017388105392456 7.284605026245117 -1.48134970664978
v 3.033804655075073 6.151945114135742 -1.012188076972961
v 3.26240086555481 6.615484237670898 -1.839154124259949
v 3.300807476043701 -7.968777179718018 1.282660365104675
v 3.31666374206543 6.72552490234375 -1.382253527641296
v 3.394557952880859 -8.195150375366211 1.707107424736023
v 3.449601650238037 5.974884033203125 -1.707107424736023
v 3.508114814758301 -8.469305038452148 0.7402884364128113
v 3.572092056274414 6.187047958374023 -1.282660365104675
v 3.643126249313355 -7.38751745223999 1.382253527641296
v 3.643126249313355 7.38751745223999 -1.382253527641296
v 3.670668125152588 -8.86173152923584 0.985600471496582
v 3.697389602661133 -7.497557640075684 1.839154124259949
v 3.697389602661133 7.497557640075684 -1.839154124259949
v 3.92599368095398 -7.961129188537598 1.012188076972961
v 3.942401885986328 6.828436851501465 -1.971200942993164
v 3.942401885986328 6.828436851501465 -1.48134970664978
v 4.074093818664551 -8.26146125793457 1.346353888511658
v 4.08945369720459 -8.292527198791504 0.3706015348434448
v 4.097984790802002 6.133068561553955 -1.839154124259949
v 4.166149139404297 6.235082149505615 -1.382253527641296
v 4.291588306427002 -8.702458381652832 0.492800235748291
v 4.312711715698242 -7.469842433929443 1.282660365104675
v 4.312711715698242 7.469842433929443 -1.282660365104675
v 4.435202121734619 -7.681998729705811 1.707107424736023
v 4.435202121734619 7.681998729705811 -1.707107424736023
v 4.576221942901611 6.848795890808106 -1.382253527641296
v 4.58357048034668 -7.938972473144531 0.7402805685997009
v 4.644386291503906 6.950809478759766 -1.839154124259949
v 4.682635307312012 -8.110546112060547 6.177848353326396e-15
v 4.795955657958984 -8.306877136230469 0.985600471496582
v 4.79996919631958 6.255433082580566 -1.971200942993164
v 4.79996919631958 6.255433082580566 -1.48134970664978
v 4.92800235748291 -8.535536766052246 6.27221544694705e-15
v 4.93152666091919 -7.380562782287598 1.012188076972961
v 4.93152666091919 7.380554676055908 -1.012188076972961
v 5.117577075958252 -7.658998966217041 1.346353888511658
v 5.117577075958252 7.658990859985352 -1.346353888511658
v 5.136863231658936 -7.687880992889404 -0.3706094324588776
v 5.136863231658936 -7.687880992889404 0.3706094324588776
v 5.250822067260742 6.843000411987305 -1.282660365104675
v 5.390777111053467 -8.067888259887695 -0.492800235748291
v 5.390777111053467 -8.067888259887695 0.492800235748291
v 5.39996337890625 7.037360668182373 -1.707107424736023
v 5.431013107299805 6.192882537841797 -1.382253527641296
v 5.511911869049072 6.28512716293335 -1.839154124259949
v 5.580595970153809 -7.272785186767578 -0.7402805685997009
v 5.580595970153809 -7.272785186767578 0.7402805685997009
v 5.580595970153809 7.272777557373047 -0.7402805685997009
v 5.701201915740967 -7.429953098297119 6.026726240591441e-15
v 5.707447052001953 -2.364100694656372 -0.985600471496582
v 5.712098598480225 -1.530550837516785 4.716796140409769e-15
v 5.71254825592041 -1.939149141311646 -0.492800235748291
v 5.839186191558838 -7.609782218933106 -0.985600471496582
v 5.839186191558838 -7.609782218933106 0.985600471496582
v 5.839186191558838 7.609774112701416 -0.985600471496582
v 5.851596832275391 -2.885688543319702 -1.346353888511658
v 5.85268497467041 -6.673721790313721 -1.012188076972961
v 5.85268497467041 6.673713684082031 -1.012188076972961
v 5.863013744354248 -0.7718828320503235 4.548337804343361e-15
v 5.913602828979492 5.14131211291468e-15 4.376945346147663e-15
v 5.916788578033447 -1.176925301551819 -0.492800235748291
v 5.916788578033447 -1.176925301551819 0.492800235748291
v 5.967195987701416 -1.598904252052307 -0.985600471496582
v 5.974884033203125 -3.449601650238037 -1.707107424736023
v 5.999957084655762 -7.819296836853027 6.113178234836477e-15
v 6.019787788391113 -0.3945555686950684 -0.492800235748291
v 6.019787788391113 -0.3945555686950684 0.492800235748291
v 6.019787788391113 0.3945555686950684 0.492800235748291
v 6.073490619659424 -6.925498962402344 -1.346353888511658
v 6.073490619659424 6.925491333007813 -1.346353888511658
v 6.096380710601807 -6.951598167419434 -0.3706015348434448
v 6.096380710601807 -6.951598167419434 0.3706015348434448
v 6.096380710601807 6.951581954956055 -0.3706015348434448
v 6.099092960357666 -6.099101066589356 -1.282660365104675
v 6.099092960357666 6.099092960357666 -1.282660365104675
v 6.099889278411865 -2.526654005050659 -0.7402805685997009
v 6.124844551086426 -0.8063473701477051 -0.985600471496582
v 6.124844551086426 -0.8063473701477051 0.985600471496582
v 6.124844551086426 0.8063473701477051 0.985600471496582
v 6.133068561553955 -4.097984790802002 -1.839154124259949
v 6.145329475402832 -2.086058855056763 -0.3706015348434448
v 6.151945114135742 -3.033804655075073 -1.012188076972961
v 6.177696704864502 5.3601595919803e-15 0.985600471496582
v 6.178193092346191 -2.097215890884399 -1.346353888511658
v 6.18613338470459 -1.657567143440247 4.744999372938022e-15
v 6.187047958374023 -3.572092056274414 -1.282660365104675
v 6.192882537841797 -5.431013107299805 -1.382253527641296
v 6.235082149505615 -4.166149139404297 -1.382253527641296
v 6.255433082580566 -4.799961090087891 -1.971200942993164
v 6.255433082580566 -4.799961090087891 -1.48134970664978
v 6.272321701049805 -6.272329807281494 -1.707107424736023
v 6.272321701049805 6.272321701049805 -1.707107424736023
v 6.28512716293335 -5.511911869049072 -1.839154124259949
v 6.349569320678711 -0.8359389901161194 4.562561181593655e-15
v 6.365039348602295 -1.26608669757843 -0.3706015348434448
v 6.365039348602295 -1.26608669757843 0.3706015348434448
v 6.374028205871582 -2.640210628509522 -1.707107424736023
v 6.377505779266357 -1.708849906921387 -0.7402805685997009
v 6.397721767425537 -7.295209884643555 -0.492800235748291
v 6.397721767425537 -7.295209884643555 0.492800235748291
v 6.397721767425537 7.295201778411865 -0.492800235748291
v 6.399085998535156 -1.272851824760437 -1.346353888511658
v 6.399085998535156 1.272859692573547 1.346353888511658
v 6.404361248016357 5.14131211291468e-15 4.376945346147663e-15
v 6.475844860076904 -0.4244468808174133 -0.3706015348434448
v 6.475844860076904 -0.4244468808174133 0.3706015348434448
v 6.475844860076904 0.4244468808174133 0.3706015348434448
v 6.482136726379395 -6.482144355773926 -0.7402805685997009
v 6.482144355773926 6.482144355773926 -0.7402805685997009
v 6.495304107666016 -2.204859256744385 -1.012188076972961
v 6.510482311248779 -0.4267176985740662 1.346353888511658
v 6.510482311248779 0.4267176985740662 1.346353888511658
v 6.545987606048584 -0.8617932796478272 -0.7402805685997009
v 6.545987606048584 -0.8617932796478272 0.7402805685997009
v 6.545987606048584 0.8617932796478272 0.7402805685997009
v 6.600361347198486 -2.73396110534668 -1.282660365104675
v 6.602474689483643 5.305687326658849e-15 0.7402805685997009
v 6.615484237670898 -3.26240086555481 -1.839154124259949
v 6.622226238250732 -6.622233867645264 5.847376754889236e-15
v 6.622226238250732 6.622233867645264 2.906514149164327e-15
v 6.664117813110352 -1.785640001296997 -1.707107424736023
v 6.664117813110352 1.785647869110107 1.707107424736023
v 6.673713684082031 -5.852692604064941 -1.012188076972961
v 6.673713684082031 5.85268497467041 -1.012188076972961
v 6.72552490234375 -3.31666374206543 -1.382253527641296
v 6.727535247802734 -1.33818519115448 -1.012188076972961
v 6.727535247802734 1.33819317817688 1.012188076972961
v 6.782500267028809 -6.782508373260498 -0.985600471496582
v 6.782508373260498 6.782508373260498 -0.985600471496582
v 6.828436851501465 -3.942401885986328 -1.971200942993164
v 6.828436851501465 -3.942401885986328 -1.48134970664978
v 6.8401780128479 0.9005234837532044 1.707107424736023
v 6.843008518218994 -5.250822067260742 -1.282660365104675
v 6.844648361206055 -0.4486216902732849 1.012188076972961
v 6.844648361206055 0.4486216902732849 1.012188076972961
v 6.848795890808106 -4.57621431350708 -1.382253527641296
v 6.899203300476074 5.520366133074557e-15 1.707107424736023
v 6.9007568359375 -1.84904956817627 -1.282660365104675
v 6.9007568359375 1.849057555198669 1.282660365104675
v 6.925491333007813 -6.073498725891113 -1.346353888511658
v 6.925491333007813 6.073490619659424 -1.346353888511658
v 6.950809478759766 -4.644378185272217 -1.839154124259949
v 6.951581954956055 6.096388339996338 -0.3706015348434448
v 6.951581954956055 6.096388339996338 0.3706015348434448
v 6.951590061187744 -6.096388339996338 -0.3706015348434448
v 6.969244003295898 -6.969252109527588 5.924430071551539e-15
v 6.969244003295898 6.969252109527588 2.829460620743787e-15
v 6.984722137451172 -2.370992183685303 -1.839154124259949
v 6.984722137451172 2.370992183685303 1.839154124259949
v 7.037368774414063 -5.39996337890625 -1.707107424736023
v 7.083069324493408 0.9325042366981506 1.282660365104675
v 7.10090446472168 -2.410431861877441 -1.382253527641296
v 7.10090446472168 2.410431861877441 1.382253527641296
v 7.144192218780518 5.42612016516536e-15 1.282660365104675
v 7.234441757202148 1.439023971557617 1.839154124259949
v 7.272777557373047 -5.580595970153809 -0.7402805685997009
v 7.272777557373047 5.580595970153809 -0.7402805685997009
v 7.272777557373047 5.580595970153809 0.7402805685997009
v 7.284605026245117 -3.017388105392456 -1.971200942993164
v 7.284605026245117 -3.017388105392456 -1.48134970664978
v 7.284612655639648 3.017380475997925 1.48134970664978
v 7.284612655639648 3.017380475997925 1.971200942993164
v 7.295201778411865 -6.397729873657227 -0.492800235748291
v 7.295201778411865 6.397729873657227 -0.492800235748291
v 7.295201778411865 6.397729873657227 0.492800235748291
v 7.354771614074707 1.46296226978302 1.382253527641296
v 7.360385417938232 0.4824238419532776 1.839154124259949
v 7.380554676055908 -4.93152666091919 -1.012188076972961
v 7.380554676055908 4.93152666091919 1.012188076972961
v 7.38751745223999 -3.643126249313355 -1.382253527641296
v 7.387525081634522 3.643126249313355 1.382253527641296
v 7.429953098297119 5.701201915740967 3.111024325048247e-15
v 7.469842433929443 -4.312711715698242 -1.282660365104675
v 7.469842433929443 4.312711715698242 1.282660365104675
v 7.482812881469727 0.4904505610466003 1.382253527641296
v 7.497557640075684 -3.697389602661133 -1.839154124259949
v 7.497557640075684 3.697389602661133 1.839154124259949
v 7.609774112701416 -5.839186191558838 -0.985600471496582
v 7.609774112701416 5.839186191558838 -0.985600471496582
v 7.609774112701416 5.839186191558838 0.985600471496582
v 7.616137027740479 2.040737152099609 1.48134970664978
v 7.616137027740479 2.040737152099609 1.971200942993164
v 7.658990859985352 -5.117577075958252 -1.346353888511658
v 7.658990859985352 5.117577075958252 1.346353888511658
v 7.681998729705811 -4.435202121734619 -1.707107424736023
v 7.681998729705811 4.435202121734619 1.707107424736023
v 7.687880992889404 5.136863231658936 -0.3706094324588776
v 7.687880992889404 5.136863231658936 0.3706094324588776
v 7.799852848052979 2.647693634033203 1.382253527641296
v 7.817349433898926 1.029171943664551 1.481357574462891
v 7.817349433898926 1.029171943664551 1.971200942993164
v 7.819296836853027 5.999957084655762 3.044687245718132e-15
v 7.916027545928955 2.687125205993652 1.839154124259949
v 7.938972473144531 4.58357048034668 0.7402884364128113
v 7.961129188537598 3.925977945327759 1.012195944786072
v 7.968856334686279 3.300799608230591 1.282660365104675
v 8.067888259887695 5.390777111053467 -0.492800235748291
v 8.067888259887695 5.390777111053467 0.492800235748291
v 8.078691482543945 1.606954574584961 1.382253527641296
v 8.110546112060547 4.682635307312012 3.337191439327565e-15
v 8.195228576660156 3.394557952880859 1.707107424736023
v 8.199013710021973 1.630892753601074 1.839154124259949
v 8.26146125793457 4.074093818664551 1.346353888511658
v 8.292527198791504 4.08945369720459 0.3706015348434448
v 8.306877136230469 4.795955657958984 0.985600471496582
v 8.331557273864746 2.23242449760437 1.282660365104675
v 8.405437469482422 2.853250503540039 1.012195944786072
v 8.469305038452148 3.50810694694519 0.7402963042259216
v 8.535536766052246 4.92800235748291 3.282709009610747e-15
v 8.568180084228516 2.295826435089111 1.707107424736023
v 8.702458381652832 4.291588306427002 0.492800235748291
v 8.722564697265625 2.960901498794556 1.346353888511658
v 8.86173152923584 3.670668125152588 0.985600471496582
v -9.85600471496582 5.14131211291468e-15 4.376945346147663e-15
v -9.771716117858887 -1.286468863487244 4.662598737279703e-15
v -9.682381629943848 -0.6346163153648377 -0.492800235748291
v -9.682381629943848 -0.6346163153648377 0.492800235748291
v -9.682381629943848 0.6346163153648377 0.492800235748291
v -9.59194278717041 5.3601595919803e-15 0.985600471496582
v -9.520191192626953 -2.550923347473145 4.943364324789612e-15
v -9.516721725463867 -1.892991542816162 -0.492800235748291
v -9.516721725463867 -1.892991542816162 0.492800235748291
v -9.509861946105957 -1.251996397972107 -0.985600471496582
v -9.509861946105957 -1.251996397972107 0.985600471496582
v -9.509861946105957 1.251996397972107 0.985600471496582
v -9.365254402160645 5.14131211291468e-15 4.376945346147663e-15
v -9.285144805908203 -1.222412705421448 4.648375360029409e-15
v -9.265117645263672 -2.482569932937622 -0.985600471496582
v -9.226325035095215 -0.6047250628471375 -0.3706015348434448
v -9.226325035095215 -0.6047250628471375 0.3706015348434448
v -9.226325035095215 0.6047250628471375 0.3706015348434448
v -9.191710472106934 -0.6024541854858398 1.346353888511658
v -9.191710472106934 0.6024541854858398 1.346353888511658
v -9.188161849975586 -3.11896824836731 -0.492800235748291
v -9.167187690734863 5.305689020724744e-15 0.7402884364128113
v -9.08873462677002 -1.196550607681274 -0.7402805685997009
v -9.08873462677002 -1.196550607681274 0.7402805685997009
v -9.08873462677002 1.196550607681274 0.7402805685997009
v -9.06847095489502 -1.80383026599884 -0.3706015348434448
v -9.06847095489502 -1.80383026599884 0.3706015348434448
v -9.046156883239746 -2.423891305923462 4.915157280613097e-15
v -9.034408569335938 -1.797049403190613 -1.346353888511658
v -9.034408569335938 1.797049403190613 1.346353888511658
v -8.870404243469238 5.520366133074557e-15 1.707107424736023
v -8.861809730529785 -3.670660018920898 -0.985600471496582
v -8.857552528381348 -0.5805580615997315 1.012188076972961
v -8.857552528381348 0.5805501937866211 1.012188076972961
v -8.854792594909668 -2.372624397277832 -0.7402884364128113
v -8.794552803039551 1.157820343971252 1.707107424736023
v -8.755364418029785 -2.972058534622192 -0.3706094324588776
v -8.722564697265625 -2.960901498794556 -1.346353888511658
v -8.705927848815918 -1.731715798377991 -1.012188076972961
v -8.705927848815918 1.731715798377991 1.012188076972961
v -8.625423431396484 5.42612016516536e-15 1.282660365104675
v -8.568180084228516 -2.295826435089111 -1.707107424736023
v -8.568180084228516 2.295826435089111 1.707107424736023
v -8.551700592041016 1.125839591026306 1.282660365104675
v -8.469383239746094 -3.50809907913208 -0.7402884364128113
v -8.405437469482422 -2.85325813293457 -1.012188076972961
v -8.341807365417481 0.5467481017112732 1.839154124259949
v -8.331557273864746 -2.23242449760437 -1.282660365104675
v -8.331557273864746 2.23241662979126 1.282660365104675
v -8.26146125793457 -4.074093818664551 -1.346353888511658
v -8.219356536865234 0.538729190826416 1.382253527641296
v -8.199013710021973 1.630892753601074 1.839154124259949
v -8.195228576660156 -3.394550085067749 -1.707107424736023
v -8.078691482543945 1.606954574584961 1.382253527641296
v -7.968856334686279 -3.300799608230591 -1.282660365104675
v -7.961129188537598 -3.925977945327759 -1.012188076972961
v -7.916027545928955 -2.687125205993652 -1.839154124259949
v -7.916027545928955 2.687125205993652 1.839154124259949
v -7.817349433898926 1.029171943664551 1.481357574462891
v -7.817349433898926 1.029171943664551 1.971200942993164
v -7.799852848052979 -2.647693634033203 -1.382253527641296
v -7.799852848052979 2.647685527801514 1.382253527641296
v -7.681998729705811 -4.435202121734619 -1.707107424736023
v -7.616137027740479 2.040737152099609 1.48134970664978
v -7.616137027740479 2.040737152099609 1.971200942993164
v -7.497565269470215 -3.697381734848023 -1.839154124259949
v -7.469842433929443 -4.312711715698242 -1.282660365104675
v -7.387532711029053 -3.643118381500244 -1.382253527641296
v -7.354771614074707 1.46296226978302 1.382253527641296
v -7.284612655639648 -3.017380475997925 -1.971200942993164
v -7.284612655639648 -3.017380475997925 -1.48134970664978
v -7.284605026245117 3.017380475997925 1.48134970664978
v -7.284605026245117 3.017380475997925 1.971200942993164
v -7.234441757202148 1.439023971557617 1.839154124259949
v -7.10090446472168 2.410431861877441 1.382253527641296
v -6.984722137451172 2.370992183685303 1.839154124259949
v -6.950809478759766 -4.644378185272217 -1.839154124259949
v -6.9007568359375 1.849057555198669 1.282660365104675
v -6.848795890808106 -4.57621431350708 -1.382253527641296
v -6.828444957733154 -3.942401885986328 -1.971200942993164
v -6.828444957733154 -3.942401885986328 -1.48134970664978
v -6.725532531738281 -3.31666374206543 -1.382253527641296
v -6.72552490234375 3.31666374206543 1.382253527641296
v -6.664117813110352 1.785647869110107 1.707107424736023
v -6.615492343902588 -3.26240086555481 -1.839154124259949
v -6.615484237670898 3.26240086555481 1.839154124259949
v -6.600361347198486 2.73396110534668 1.282660365104675
v -6.495304107666016 2.204859256744385 1.012188076972961
v -6.374028205871582 2.640210628509522 1.707107424736023
v -6.255433082580566 -4.799961090087891 -1.971200942993164
v -6.255433082580566 -4.799961090087891 -1.48134970664978
v -6.235082149505615 -4.166149139404297 -1.382253527641296
v -6.187047958374023 -3.572092056274414 -1.282660365104675
v -6.187047958374023 3.572092056274414 1.282660365104675
v -6.178193092346191 2.097215890884399 1.346353888511658
v -6.151945114135742 3.033804655075073 1.012188076972961
v -6.133068561553955 -4.097984790802002 -1.839154124259949
v -6.099896907806397 2.526654005050659 0.7402805685997009
v -5.974884033203125 -3.449601650238037 -1.707107424736023
v -5.974884033203125 3.449601650238037 1.707107424736023
v -5.851596832275391 2.885688543319702 1.346353888511658
v -5.820467948913574 2.870344638824463 0.3706015348434448
v -5.717909812927246 3.301241159439087 0.7402805685997009
v -5.707447052001953 2.364100694656372 0.985600471496582
v -5.703322887420654 -3.810843944549561 -1.012188076972961
v -5.703322887420654 3.81083607673645 1.012188076972961
v -5.667864799499512 -4.349108219146729 -1.282660365104675
v -5.637950420379639 -4.944347381591797 -1.382253527641296
v -5.546336650848389 3.202184200286865 3.66591751461867e-15
v -5.545705795288086 -4.863449573516846 -1.839154124259949
v -5.473504543304443 -4.199967384338379 -1.707107424736023
v -5.42487907409668 -3.624794244766235 -1.346353888511658
v -5.42487907409668 3.624786138534546 1.346353888511658
v -5.410568237304688 2.668201923370361 0.492800235748291
v -5.396012783050537 3.605507850646973 -0.3706015348434448
v -5.396012783050537 3.605507850646973 0.3706015348434448
v -5.350036144256592 3.088848352432251 0.985600471496582
v -5.238095760345459 4.019333839416504 -0.7402805685997009
v -5.238095760345459 4.019333839416504 0.7402805685997009
v -5.238088130950928 -4.019333839416504 -0.7402805685997009
v -5.157118797302246 -4.522668361663818 -1.012188076972961
v -5.157118797302246 4.522668361663818 -1.012188076972961
v -5.121330261230469 2.956801414489746 3.72040375598375e-15
v -5.080920219421387 3.898727893829346 3.511253957131245e-15
v -5.051707267761231 -5.051699161529541 -1.282660365104675
v -5.051707267761231 5.051699161529541 -1.282660365104675
v -5.016005039215088 3.351593494415283 -0.492800235748291
v -5.016005039215088 3.351593494415283 0.492800235748291
v -4.944347381591797 5.637942314147949 -1.382253527641296
v -4.905341148376465 -4.301862716674805 -1.346353888511658
v -4.905341148376465 4.301862716674805 -1.346353888511658
v -4.901091575622559 -3.760743856430054 -0.985600471496582
v -4.901091575622559 3.760743856430054 -0.985600471496582
v -4.901091575622559 3.760743856430054 0.985600471496582
v -4.879234790802002 -4.278980731964111 -0.3706015348434448
v -4.879234790802002 4.278980731964111 -0.3706015348434448
v -4.879234790802002 4.278980731964111 0.3706015348434448
v -4.878478050231934 -4.878470420837402 -1.707107424736023
v -4.878478050231934 4.878470420837402 -1.707107424736023
v -4.863449573516846 5.545697689056397 -1.839154124259949
v -4.799961090087891 6.255433082580566 -1.971200942993164
v -4.799961090087891 6.255433082580566 -1.48134970664978
v -4.691576480865479 3.59997296333313 3.57759103646136e-15
v -4.668655395507813 -4.668647766113281 -0.7402805685997009
v -4.668655395507813 4.668647766113281 -0.7402805685997009
v -4.644378185272217 6.950809478759766 -1.839154124259949
v -4.57621431350708 6.848795890808106 -1.382253527641296
v -4.535623073577881 -3.977638959884644 -0.492800235748291
v -4.535623073577881 3.977638959884644 -0.492800235748291
v -4.535623073577881 3.977638959884644 0.492800235748291
v -4.528566360473633 -4.528566360473633 5.382489074535818e-15
v -4.528566360473633 4.528566360473633 3.371401617759508e-15
v -4.52267599105835 -5.157118797302246 -1.012188076972961
v -4.52267599105835 5.157118797302246 -1.012188076972961
v -4.435202121734619 7.681998729705811 -1.707107424736023
v -4.368291854858398 -4.368283748626709 -0.985600471496582
v -4.368291854858398 4.368283748626709 -0.985600471496582
v -4.349108219146729 5.667864799499512 -1.282660365104675
v -4.312711715698242 7.469842433929443 -1.282660365104675
v -4.301869869232178 -4.905341148376465 -1.346353888511658
v -4.301869869232178 4.905341148376465 -1.346353888511658
v -4.278980731964111 -4.879234790802002 -0.3706015348434448
v -4.278980731964111 -4.879234790802002 0.3706015348434448
v -4.278980731964111 4.879234790802002 -0.3706015348434448
v -4.199967384338379 5.473504543304443 -1.707107424736023
v -4.181548118591309 -4.181548118591309 5.305435757873515e-15
v -4.181548118591309 4.181548118591309 3.448455146180048e-15
v -4.166149139404297 6.235082149505615 -1.382253527641296
v -4.097984790802002 6.133068561553955 -1.839154124259949
v -4.074093818664551 8.26146125793457 -1.346353888511658
v -4.019333839416504 -5.238095760345459 -0.7402805685997009
v -4.019333839416504 -5.238095760345459 0.7402805685997009
v -4.019333839416504 5.238095760345459 -0.7402805685997009
v -3.977638959884644 -4.535623073577881 -0.492800235748291
v -3.977638959884644 -4.535623073577881 0.492800235748291
v -3.977638959884644 4.535623073577881 -0.492800235748291
v -3.942401885986328 6.828444957733154 -1.971200942993164
v -3.942401885986328 6.828444957733154 -1.48134970664978
v -3.92599368095398 7.961129188537598 -1.012188076972961
v -3.898727893829346 -5.080920219421387 5.505136480682925e-15
v -3.810843944549561 -5.703322887420654 1.012188076972961
v -3.810843944549561 5.703322887420654 -1.012188076972961
v -3.760743856430054 -4.901091575622559 -0.985600471496582
v -3.760743856430054 -4.901091575622559 0.985600471496582
v -3.760743856430054 4.901091575622559 -0.985600471496582
v -3.697389602661133 7.497557640075684 -1.839154124259949
v -3.670668125152588 8.86173152923584 -0.985600471496582
v -3.643126249313355 7.38751745223999 -1.382253527641296
v -3.624794244766235 -5.42487907409668 1.346353888511658
v -3.624794244766235 5.42487907409668 -1.346353888511658
v -3.605507850646973 -5.396012783050537 -0.3706015348434448
v -3.605507850646973 -5.396012783050537 0.3706015348434448
v -3.59997296333313 -4.691576480865479 5.418684486437888e-15
v -3.572092056274414 -6.187047958374023 1.282660365104675
v -3.572092056274414 6.187047958374023 -1.282660365104675
v -3.50810694694519 8.469305038452148 -0.7402884364128113
v -3.449601650238037 -5.974884033203125 1.707107424736023
v -3.449601650238037 5.974884033203125 -1.707107424736023
v -3.394557952880859 8.195150375366211 -1.707107424736023
v -3.351593494415283 -5.016005039215088 -0.492800235748291
v -3.351593494415283 -5.016005039215088 0.492800235748291
v -3.31666374206543 -6.725532531738281 1.382253527641296
v -3.31666374206543 6.725532531738281 -1.382253527641296
v -3.301241159439087 -5.717909812927246 0.7402805685997009
v -3.300807476043701 7.968777179718018 -1.282660365104675
v -3.26240086555481 -6.615492343902588 1.839154124259949
v -3.26240086555481 6.615492343902588 -1.839154124259949
v -3.202184200286865 -5.546336650848389 5.608479582445633e-15
v -3.11896824836731 9.188161849975586 -0.492800235748291
v -3.088848352432251 -5.350036144256592 0.985600471496582
v -3.033804655075073 -6.151952266693115 1.012188076972961
v -3.017388105392456 -7.284612655639648 1.48134970664978
v -3.017388105392456 -7.284612655639648 1.971200942993164
v -3.017388105392456 7.284612655639648 -1.971200942993164
v -3.017388105392456 7.284612655639648 -1.48134970664978
v -2.972042798995972 8.755364418029785 -0.3705936670303345
v -2.960909366607666 8.722564697265625 -1.346353888511658
v -2.956801414489746 -5.121330261230469 5.51410910069319e-15
v -2.885688543319702 -5.85160493850708 1.346353888511658
v -2.870344638824463 -5.820467948913574 0.3706015348434448
v -2.853250503540039 8.405437469482422 -1.012188076972961
v -2.73396110534668 -6.600369453430176 1.282660365104675
v -2.687133312225342 -7.916027545928955 1.839154124259949
v -2.687125205993652 7.916027545928955 -1.839154124259949
v -2.668201923370361 -5.410568237304688 0.492800235748291
v -2.647693634033203 -7.799844741821289 1.382253527641296
v -2.647685527801514 7.799844741821289 -1.382253527641296
v -2.640210628509522 -6.374036312103272 1.707107424736023
v -2.550923347473145 9.520191192626953 2.263038465728285e-15
v -2.526654005050659 -6.099896907806397 0.7402805685997009
v -2.482569932937622 9.265117645263672 -0.985600471496582
v -2.423891305923462 9.046156883239746 2.368295226677078e-15
v -2.410431861877441 -7.10090446472168 1.382253527641296
v -2.372616291046143 8.854792594909668 -0.7402805685997009
v -2.370992183685303 -6.984722137451172 1.839154124259949
v -2.364100694656372 -5.707447052001953 0.985600471496582
v -2.295834064483643 -8.568180084228516 1.707107424736023
v -2.295826435089111 8.568180084228516 -1.707107424736023
v -2.23242449760437 -8.331557273864746 1.282660365104675
v -2.23241662979126 8.331557273864746 -1.282660365104675
v -2.204859256744385 -6.495312213897705 1.012188076972961
v -2.097215890884399 -6.178201198577881 1.346353888511658
v -2.040737152099609 -7.616137027740479 1.48134970664978
v -2.040737152099609 -7.616137027740479 1.971200942993164
v -1.892991542816162 9.516721725463867 -0.492800235748291
v -1.892991542816162 9.516721725463867 0.492800235748291
v -1.849057555198669 -6.9007568359375 1.282660365104675
v -1.80383026599884 9.06847095489502 -0.3706015348434448
v -1.80383026599884 9.06847095489502 0.3706015348434448
v -1.797057271003723 -9.034408569335938 1.346353888511658
v -1.797049403190613 9.034408569335938 -1.346353888511658
v -1.785647869110107 -6.664117813110352 1.707107424736023
v -1.731723785400391 -8.705927848815918 1.012188076972961
v -1.731715798377991 8.705927848815918 -1.012188076972961
v -1.630892753601074 -8.199013710021973 1.839154124259949
v -1.606954574584961 -8.078691482543945 1.382253527641296
v -1.46296226978302 -7.354771614074707 1.382253527641296
v -1.439023971557617 -7.234441757202148 1.839154124259949
v -1.286468863487244 9.771716117858887 2.207188501318126e-15
v -1.252004384994507 -9.509861946105957 0.985600471496582
v -1.251996397972107 9.509861946105957 -0.985600471496582
v -1.251996397972107 9.509861946105957 0.985600471496582
v -1.222412705421448 9.285144805908203 2.315229036048069e-15
v -1.196558475494385 -9.08873462677002 0.7402805685997009
v -1.196550607681274 9.08873462677002 -0.7402805685997009
v -1.196550607681274 9.08873462677002 0.7402805685997009
v -1.157828211784363 -8.794552803039551 1.707107424736023
v -1.125847458839417 -8.551700592041016 1.282660365104675
v -1.029179811477661 -7.817349433898926 1.481357574462891
v -1.029179811477661 -7.817349433898926 1.971200942993164
v -0.6346163153648377 -9.682381629943848 0.492800235748291
v -0.6346163153648377 9.682381629943848 -0.492800235748291
v -0.6346163153648377 9.682381629943848 0.492800235748291
v -0.6047329306602478 -9.226325035095215 0.3706015348434448
v -0.6047250628471375 9.226325035095215 -0.3706015348434448
v -0.6047250628471375 9.226325035095215 0.3706015348434448
v -0.6024541854858398 -9.191710472106934 1.346353888511658
v -0.6024541854858398 9.191710472106934 1.346353888511658
v -0.5805580615997315 -8.857552528381348 1.012188076972961
v -0.5805501937866211 8.857552528381348 1.012188076972961
v -0.5467559695243835 -8.341807365417481 1.839154124259949
v -0.538729190826416 -8.219356536865234 1.382253527641296
v 0 -9.85600471496582 6.565418019221494e-15
v 0 -9.59194278717041 0.985600471496582
v 0 -9.365254402160645 6.45644977165607e-15
v 0 -9.167187690734863 0.7402805685997009
v 0 -8.870404243469238 1.707107424736023
v 0 -8.625423431396484 1.282660365104675
v 0 8.625423431396484 1.282660365104675
v 0 8.870404243469238 1.707107424736023
v 0 9.167187690734863 0.7402884364128113
v 0 9.365254402160645 2.297441132397492e-15
v 0 9.59194278717041 0.985600471496582
v 0 9.85600471496582 2.188472673073831e-15
v 0.538729190826416 8.219356536865234 1.382253527641296
v 0.5467481017112732 8.341807365417481 1.839154124259949
v 0.5805501937866211 -8.857552528381348 1.012188076972961
v 0.5805501937866211 8.857552528381348 1.012188076972961
v 0.6024541854858398 -9.191710472106934 1.346353888511658
v 0.6024541854858398 9.191710472106934 1.346353888511658
v 0.6047250628471375 -9.226325035095215 -0.3706015348434448
v 0.6047250628471375 -9.226325035095215 0.3706015348434448
v 0.6047250628471375 9.226325035095215 0.3706015348434448
v 0.6346163153648377 -9.682381629943848 -0.492800235748291
v 0.6346163153648377 -9.682381629943848 0.492800235748291
v 0.6346163153648377 9.682381629943848 0.492800235748291
v 1.029171943664551 7.817349433898926 1.481357574462891
v 1.029171943664551 7.817349433898926 1.971200942993164
v 1.125839591026306 8.551700592041016 1.282660365104675
v 1.157820343971252 8.794552803039551 1.707107424736023
v 1.196550607681274 -9.08873462677002 -0.7402805685997009
v 1.196550607681274 -9.08873462677002 0.7402805685997009
v 1.196550607681274 9.08873462677002 0.7402805685997009
v 1.222412705421448 -9.285144805908203 6.438661656247256e-15
v 1.251996397972107 -9.509861946105957 -0.985600471496582
v 1.251996397972107 -9.509861946105957 0.985600471496582
v 1.251996397972107 9.509861946105957 0.985600471496582
v 1.286468863487244 -9.771716117858887 6.546702402735437e-15
v 1.439023971557617 7.234441757202148 1.839154124259949
v 1.46296226978302 7.354771614074707 1.382253527641296
v 1.606954574584961 8.078691482543945 1.382253527641296
v 1.630892753601074 8.199013710021973 1.839154124259949
v 1.731715798377991 -8.705927848815918 -1.012188076972961
v 1.731715798377991 8.705927848815918 1.012188076972961
v 1.785647869110107 6.664117813110352 1.707107424736023
v 1.797049403190613 -9.034408569335938 -1.346353888511658
v 1.797049403190613 9.034408569335938 1.346353888511658
v 1.80382239818573 -9.06847095489502 -0.3706015348434448
v 1.80382239818573 -9.06847095489502 0.3706015348434448
v 1.849057555198669 6.9007568359375 1.282660365104675
v 1.892983675003052 -9.516721725463867 -0.492800235748291
v 1.892983675003052 -9.516721725463867 0.492800235748291
v 2.040737152099609 7.616137027740479 1.48134970664978
v 2.040737152099609 7.616137027740479 1.971200942993164
v 2.097215890884399 6.178193092346191 1.346353888511658
v 2.204859256744385 6.495304107666016 1.012188076972961
v 2.23241662979126 -8.331557273864746 -1.282660365104675
v 2.23241662979126 8.331557273864746 1.282660365104675
v 2.295826435089111 -8.568180084228516 -1.707107424736023
v 2.295826435089111 8.568180084228516 1.707107424736023
v 2.364100694656372 5.707447052001953 0.985600471496582
v 2.370992183685303 6.984722137451172 1.839154124259949
v 2.372608423233032 -8.854792594909668 -0.7402884364128113
v 2.410431861877441 7.10090446472168 1.382253527641296
v 2.423883199691773 -9.046156883239746 6.385595465618248e-15
v 2.482562065124512 -9.265117645263672 -0.985600471496582
v 2.526654005050659 6.099896907806397 0.7402884364128113
v 2.550915479660034 -9.520191192626953 6.490852438325277e-15
v 2.640210628509522 6.374028205871582 1.707107424736023
v 2.647685527801514 -7.799852848052979 -1.382253527641296
v 2.647685527801514 7.799852848052979 1.382253527641296
v 2.668201923370361 5.410568237304688 0.492800235748291
v 2.687125205993652 -7.916027545928955 -1.839154124259949
v 2.687125205993652 7.916027545928955 1.839154124259949
v 2.73396110534668 6.600361347198486 1.282660365104675
v 2.85324239730835 -8.405437469482422 -1.012188076972961
v 2.870344638824463 5.820467948913574 0.3706015348434448
v 2.885688543319702 5.851596832275391 1.346353888511658
v 2.956801414489746 5.121330261230469 3.239781591602136e-15
v 2.960901498794556 -8.722564697265625 -1.346353888511658
v 2.972042798995972 -8.755364418029785 -0.3705936670303345
v 3.017388105392456 -7.284605026245117 -1.971200942993164
v 3.017388105392456 -7.284605026245117 -1.48134970664978
v 3.017388105392456 7.284605026245117 1.48134970664978
v 3.017388105392456 7.284605026245117 1.971200942993164
v 3.033804655075073 6.151945114135742 1.012188076972961
v 3.088848352432251 5.350036144256592 0.985600471496582
v 3.11896824836731 -9.188161849975586 -0.492800235748291
v 3.202184200286865 5.546336650848389 3.145411321607929e-15
v 3.26240086555481 -6.615484237670898 -1.839154124259949
v 3.26240086555481 6.615484237670898 1.839154124259949
v 3.300807476043701 -7.968777179718018 -1.282660365104675
v 3.301241159439087 5.717909812927246 0.7402805685997009
v 3.31666374206543 -6.72552490234375 -1.382253527641296
v 3.31666374206543 6.72552490234375 1.382253527641296
v 3.351593494415283 5.016005039215088 -0.492800235748291
v 3.351593494415283 5.016005039215088 0.492800235748291
v 3.394557952880859 -8.195150375366211 -1.707107424736023
v 3.449601650238037 -5.974884033203125 -1.707107424736023
v 3.449601650238037 5.974884033203125 1.707107424736023
v 3.508114814758301 -8.469305038452148 -0.7402884364128113
v 3.572092056274414 -6.187047958374023 -1.282660365104675
v 3.572092056274414 6.187047958374023 1.282660365104675
v 3.59997296333313 4.691576480865479 3.335206205857437e-15
v 3.605507850646973 5.396012783050537 -0.3706015348434448
v 3.605507850646973 5.396012783050537 0.3706015348434448
v 3.624786138534546 5.42487907409668 1.346353888511658
v 3.624794244766235 -5.42487907409668 -1.346353888511658
v 3.643126249313355 -7.38751745223999 -1.382253527641296
v 3.670668125152588 -8.86173152923584 -0.985600471496582
v 3.697389602661133 -7.497557640075684 -1.839154124259949
v 3.760743856430054 -4.901091575622559 -0.985600471496582
v 3.760743856430054 4.901091575622559 -0.985600471496582
v 3.760743856430054 4.901091575622559 0.985600471496582
v 3.81083607673645 5.703322887420654 1.012188076972961
v 3.810843944549561 -5.703322887420654 -1.012188076972961
v 3.898727893829346 5.080920219421387 3.248754423370638e-15
v 3.92599368095398 -7.961129188537598 -1.012188076972961
v 3.942401885986328 -6.828436851501465 -1.971200942993164
v 3.942401885986328 -6.828436851501465 -1.48134970664978
v 3.977638959884644 -4.535623073577881 -0.492800235748291
v 3.977638959884644 4.535623073577881 -0.492800235748291
v 3.977638959884644 4.535623073577881 0.492800235748291
v 4.019333839416504 -5.238095760345459 -0.7402805685997009
v 4.019333839416504 5.238095760345459 -0.7402805685997009
v 4.019333839416504 5.238095760345459 0.7402805685997009
v 4.074093818664551 -8.26146125793457 -1.346353888511658
v 4.097984790802002 -6.133068561553955 -1.839154124259949
v 4.166149139404297 -6.235082149505615 -1.382253527641296
v 4.181548118591309 -4.181548118591309 5.305435757873515e-15
v 4.181548118591309 4.181548118591309 3.448455146180048e-15
v 4.199967384338379 -5.473504543304443 -1.707107424736023
v 4.278980731964111 -4.879234790802002 -0.3706015348434448
v 4.278980731964111 4.879242897033691 -0.3706015348434448
v 4.278980731964111 4.879242897033691 0.3706015348434448
v 4.301862716674805 -4.905341148376465 -1.346353888511658
v 4.301869869232178 4.905341148376465 -1.346353888511658
v 4.312711715698242 -7.469842433929443 -1.282660365104675
v 4.349108219146729 -5.667864799499512 -1.282660365104675
v 4.368283748626709 -4.368291854858398 -0.985600471496582
v 4.368291854858398 4.368291854858398 -0.985600471496582
v 4.435202121734619 -7.681998729705811 -1.707107424736023
v 4.522668361663818 -5.157118797302246 -1.012188076972961
v 4.52267599105835 5.157118797302246 -1.012188076972961
v 4.528566360473633 -4.528566360473633 5.382489074535818e-15
v 4.528566360473633 4.528566360473633 3.371401617759508e-15
v 4.535623073577881 -3.977638959884644 -0.492800235748291
v 4.535623073577881 -3.977638959884644 0.492800235748291
v 4.535623073577881 3.977638959884644 -0.492800235748291
v 4.57621431350708 -6.848795890808106 -1.382253527641296
v 4.644378185272217 -6.950809478759766 -1.839154124259949
v 4.668647766113281 -4.668655395507813 -0.7402805685997009
v 4.668655395507813 4.668655395507813 -0.7402805685997009
v 4.691576480865479 -3.59997296333313 5.176300079350439e-15
v 4.799961090087891 -6.255440711975098 -1.971200942993164
v 4.799961090087891 -6.255440711975098 -1.48134970664978
v 4.863449573516846 -5.545705795288086 -1.839154124259949
v 4.878470420837402 -4.878478050231934 -1.707107424736023
v 4.878470420837402 4.878470420837402 -1.707107424736023
v 4.879234790802002 -4.278980731964111 -0.3706015348434448
v 4.879234790802002 -4.278980731964111 0.3706015348434448
v 4.879242897033691 4.278980731964111 -0.3706015348434448
v 4.901091575622559 -3.760743856430054 -0.985600471496582
v 4.901091575622559 -3.760743856430054 0.985600471496582
v 4.901091575622559 3.760743856430054 -0.985600471496582
v 4.905341148376465 -4.301869869232178 -1.346353888511658
v 4.905341148376465 4.301869869232178 -1.346353888511658
v 4.944347381591797 -5.637950420379639 -1.382253527641296
v 5.016005039215088 -3.351593494415283 -0.492800235748291
v 5.016005039215088 -3.351593494415283 0.492800235748291
v 5.051699161529541 -5.051707267761231 -1.282660365104675
v 5.051699161529541 5.051699161529541 -1.282660365104675
v 5.080920219421387 -3.898727893829346 5.242636735164081e-15
v 5.121330261230469 -2.956801414489746 5.033487359828049e-15
v 5.157118797302246 -4.52267599105835 -1.012188076972961
v 5.157118797302246 4.52267599105835 -1.012188076972961
v 5.238095760345459 -4.019333839416504 -0.7402805685997009
v 5.238095760345459 -4.019333839416504 0.7402805685997009
v 5.238095760345459 4.019333839416504 -0.7402805685997009
v 5.350036144256592 -3.088848352432251 0.985600471496582
v 5.396012783050537 -3.605507850646973 -0.3706015348434448
v 5.396012783050537 -3.605507850646973 0.3706015348434448
v 5.410568237304688 -2.668201923370361 0.492800235748291
v 5.42487907409668 -3.624786138534546 1.346353888511658
v 5.42487907409668 3.624794244766235 -1.346353888511658
v 5.473504543304443 4.199967384338379 -1.707107424736023
v 5.545697689056397 4.863449573516846 -1.839154124259949
v 5.546336650848389 -3.202184200286865 5.087973177676656e-15
v 5.637942314147949 4.944347381591797 -1.382253527641296
v 5.667864799499512 4.349108219146729 -1.282660365104675
v 5.703322887420654 -3.81083607673645 1.012188076972961
v 5.703322887420654 3.810843944549561 -1.012188076972961
v 5.707447052001953 -2.364100694656372 0.985600471496582
v 5.717909812927246 -3.301241159439087 0.7402805685997009
v 5.820467948913574 -2.870344638824463 0.3706015348434448
v 5.851596832275391 -2.885688543319702 1.346353888511658
v 5.974884033203125 -3.449601650238037 1.707107424736023
v 5.974884033203125 3.449601650238037 -1.707107424736023
v 6.099889278411865 -2.526654005050659 0.7402805685997009
v 6.133060455322266 4.097984790802002 -1.839154124259949
v 6.151945114135742 -3.033804655075073 1.012188076972961
v 6.178193092346191 -2.097215890884399 1.346353888511658
v 6.187047958374023 -3.572092056274414 1.282660365104675
v 6.187047958374023 3.572092056274414 -1.282660365104675
v 6.235074520111084 4.166149139404297 -1.382253527641296
v 6.255433082580566 4.799961090087891 -1.971200942993164
v 6.255433082580566 4.799961090087891 -1.48134970664978
v 6.374028205871582 -2.640210628509522 1.707107424736023
v 6.495304107666016 -2.204859256744385 1.012188076972961
v 6.600361347198486 -2.73396110534668 1.282660365104675
v 6.615484237670898 -3.26240086555481 1.839154124259949
v 6.615492343902588 3.26240086555481 -1.839154124259949
v 6.664117813110352 -1.785640001296997 1.707107424736023
v 6.72552490234375 -3.31666374206543 1.382253527641296
v 6.725532531738281 3.31666374206543 -1.382253527641296
v 6.828436851501465 3.942401885986328 -1.971200942993164
v 6.828436851501465 3.942401885986328 -1.48134970664978
v 6.848795890808106 4.57621431350708 -1.382253527641296
v 6.9007568359375 -1.84904956817627 1.282660365104675
v 6.950809478759766 4.644378185272217 -1.839154124259949
v 6.984722137451172 -2.370992183685303 1.839154124259949
v 7.10090446472168 -2.410431861877441 1.382253527641296
v 7.234441757202148 -1.439016103744507 1.839154124259949
v 7.284605026245117 -3.017388105392456 1.48134970664978
v 7.284605026245117 -3.017388105392456 1.971200942993164
v 7.284612655639648 3.017380475997925 -1.971200942993164
v 7.284612655639648 3.017380475997925 -1.48134970664978
v 7.354771614074707 -1.46295440196991 1.382253527641296
v 7.387525081634522 3.643126249313355 -1.382253527641296
v 7.469842433929443 4.312711715698242 -1.282660365104675
v 7.497557640075684 3.697389602661133 -1.839154124259949
v 7.616137027740479 -2.040737152099609 1.48134970664978
v 7.616137027740479 -2.040737152099609 1.971200942993164
v 7.681998729705811 4.435202121734619 -1.707107424736023
v 7.799852848052979 -2.647685527801514 1.382253527641296
v 7.799852848052979 2.647693634033203 -1.382253527641296
v 7.817349433898926 -1.029171943664551 1.481357574462891
v 7.817349433898926 -1.029171943664551 1.971200942993164
v 7.916027545928955 -2.687125205993652 1.839154124259949
v 7.916027545928955 2.687125205993652 -1.839154124259949
v 7.961129188537598 3.925977945327759 -1.012195944786072
v 7.968856334686279 3.300799608230591 -1.282660365104675
v 8.078691482543945 -1.606954574584961 1.382253527641296
v 8.195228576660156 3.394557952880859 -1.707107424736023
v 8.199013710021973 -1.630892753601074 1.839154124259949
v 8.219356536865234 -0.538729190826416 1.382253527641296
v 8.26146125793457 4.074093818664551 -1.346353888511658
v 8.331557273864746 -2.23241662979126 1.282660365104675
v 8.331557273864746 2.23242449760437 -1.282660365104675
v 8.341807365417481 -0.5467481017112732 1.839154124259949
v 8.405437469482422 2.85325813293457 -1.012195944786072
v 8.469305038452148 3.50810694694519 -0.7402963042259216
v 8.551700592041016 -1.125839591026306 1.282660365104675
v 8.568180084228516 -2.295826435089111 1.707107424736023
v 8.568180084228516 2.295826435089111 -1.707107424736023
v 8.625423431396484 5.42612016516536e-15 1.282660365104675
v 8.705927848815918 -1.731715798377991 1.012188076972961
v 8.705927848815918 1.731715798377991 -1.012188076972961
v 8.722564697265625 2.960909366607666 -1.346353888511658
v 8.755364418029785 2.972042798995972 -0.3705936670303345
v 8.794552803039551 -1.157820343971252 1.707107424736023
v 8.854792594909668 2.372616291046143 -0.7402805685997009
v 8.857552528381348 -0.5805580615997315 1.012188076972961
v 8.857552528381348 0.5805501937866211 1.012188076972961
v 8.86173152923584 3.670668125152588 -0.985600471496582
v 8.870404243469238 5.520366133074557e-15 1.707107424736023
v 9.034408569335938 -1.797049403190613 1.346353888511658
v 9.034408569335938 1.797049403190613 -1.346353888511658
v 9.046156883239746 2.423891305923462 3.838733411682229e-15
v 9.06847095489502 1.80383026599884 -0.3706015348434448
v 9.06847095489502 1.80383026599884 0.3706015348434448
v 9.08873462677002 -1.196550607681274 0.7402805685997009
v 9.08873462677002 1.196550607681274 -0.7402805685997009
v 9.08873462677002 1.196550607681274 0.7402805685997009
v 9.167187690734863 5.305689020724744e-15 0.7402884364128113
v 9.188161849975586 3.11896824836731 -0.492800235748291
v 9.191710472106934 -0.6024541854858398 1.346353888511658
v 9.191710472106934 0.6024541854858398 1.346353888511658
v 9.226325035095215 -0.6047250628471375 0.3706015348434448
v 9.226325035095215 0.6047250628471375 -0.3706015348434448
v 9.226325035095215 0.6047250628471375 0.3706015348434448
v 9.265117645263672 2.482569932937622 -0.985600471496582
v 9.285144805908203 1.222412705421448 4.105515332265917e-15
v 9.365254402160645 5.14131211291468e-15 4.376945346147663e-15
v 9.509861946105957 -1.251996397972107 0.985600471496582
v 9.509861946105957 1.251996397972107 -0.985600471496582
v 9.509861946105957 1.251996397972107 0.985600471496582
v 9.516721725463867 1.892991542816162 -0.492800235748291
v 9.516721725463867 1.892991542816162 0.492800235748291
v 9.520191192626953 2.550923347473145 3.810526791022187e-15
v 9.59194278717041 5.3601595919803e-15 0.985600471496582
v 9.682381629943848 -0.6346163153648377 0.492800235748291
v 9.682381629943848 0.6346163153648377 -0.492800235748291
v 9.682381629943848 0.6346163153648377 0.492800235748291
v 9.771716117858887 1.286468863487244 4.091291955015623e-15
v 9.85600471496582 5.14131211291468e-15 4.376945346147663e-15
 -0.7177993655204773
