# Rhino

g object_1
v -59.67864990234375 0.708846926689148 0
v -59.62977600097656 0.003680295310914516 0
v -59.54310607910156 0.650913417339325 0.1791613698005676
v -59.53048324584961 1.198504328727722 0
v -59.48484039306641 0.1678709089756012 0.3583227396011353
v -59.44713973999023 1.035743951797485 0.2493294924497604
v -59.18329238891602 0.479259192943573 0.4986589848995209
v -59.15317153930664 1.185810446739197 0
v -59.12741851806641 1.025011658668518 0.1791613698005676
v -59.05466842651367 -1.552427649497986 0
v -58.92135238647461 0.7759983539581299 0.3583227396011353
v -58.85332870483398 -1.24085795879364 0.6069378256797791
v -58.77642059326172 0.940189003944397 0
v -58.41050720214844 -0.6053968071937561 0.8446435332298279
v -58.08979034423828 -0.08978112041950226 0.6069378256797791
v -57.88845062255859 0.2217885553836823 0
v -57.84334564208984 -3.208305597305298 0
v -57.53886413574219 -2.631268739700317 0.9276226162910461
v -57.02066802978516 -1.776964783668518 0.1675332486629486
v -56.63344955444336 -1.086876392364502 0.9276226162910461
v -56.3289680480957 -0.5098397135734558 0
v -55.14469146728516 -4.983866691589356 0
v -54.93923950195313 -4.153092861175537 1.216754198074341
v -54.60579681396484 -2.921297550201416 0.2197518348693848
v -54.34798431396484 -1.904970765113831 1.216754198074341
v -54.14253234863281 -1.074196934700012 0
v -51.90393447875977 -5.967694759368897 0
v -51.88777160644531 -4.97670841217041 1.409144163131714
v -51.85662460327148 -3.531346797943115 0.2544984221458435
v -51.84208297729492 -2.275863409042358 1.409144163131714
v -51.82592010498047 -1.284877061843872 0
v -49.7366828918457 -1.220399618148804 0
v -49.47696304321289 -2.287720918655396 1.561769485473633
v -49.13758087158203 -3.68242621421814 0.2820633053779602
v -48.79819488525391 -5.137293815612793 1.561769485473633
v -48.53847503662109 -6.144453048706055 0
v -48.05229949951172 -1.04724109172821 0
v -47.75112152099609 -2.122792720794678 1.588011741638184
v -47.41772079467773 -3.508198976516724 0.2868027985095978
v -47.02416229248047 -4.864928245544434 1.588011741638184
v -46.63274002075195 -6.12096643447876 0
v -46.59869766235352 -0.7296757102012634 0
v -46.33113479614258 -1.647603392601013 1.444756269454956
v -45.92295455932617 -3.037376165390015 0.8633299469947815
v -45.526123046875 -0.4121102690696716 0
v -45.38482666015625 -4.337808132171631 1.444756269454956
v -45.29217910766602 -1.172414064407349 1.301500797271729
v -44.86937713623047 -2.546499490737915 1.439857125282288
v -44.73645782470703 -3.281461954116821 1.301500797271729
v -44.67868423461914 -5.540002346038818 0
v -44.67387771606445 -4.301566123962402 0
v -44.49191665649414 -0.1516883969306946 0
v -44.35839462280273 -0.6155284643173218 0.7897138595581055
v -44.11708450317383 -1.453819513320923 1.099003314971924
v -43.96477890014648 -2.164455413818359 0.7897138595581055
v -43.83125686645508 -2.628295421600342 0
v -42.79111099243164 0.4111492931842804 0
v -42.68422698974609 0.1002199277281761 0.5379350185394287
v -42.49105453491211 -0.461717963218689 0.7486159801483154
v -42.29788589477539 -1.023655891418457 0.5379350185394287
v -42.19100189208984 -1.334585189819336 0
v -41.04703140258789 1.027013063430786 0
v -40.9511604309082 0.7955266833305359 0.4099337458610535
v -40.77790069580078 0.377164900302887 0.5704832673072815
v -40.60463714599609 -0.04119686037302017 0.4099337458610535
v -40.50876998901367 -0.2726832330226898 0
v -39.22393798828125 1.683290600776672 0
v -39.13500213623047 1.489686369895935 0.3485830128192902
v -38.97426605224609 1.139788389205933 0.4851046800613403
v -38.81352996826172 0.7898903489112854 0.3485830128192902
v -38.72459411621094 0.5962861180305481 0
v -36.57265472412109 2.63089656829834 0
v -36.50876235961914 2.45148777961731 0.3115910887718201
v -36.39329528808594 2.127244710922241 0.4336249828338623
v -36.27782821655273 1.803001999855042 0.3115910887718201
v -36.21393966674805 1.623593091964722 0
v -34.21298599243164 3.439306735992432 0
v -34.14254760742188 3.268921613693237 0.3016515076160431
v -34.01525115966797 2.960987091064453 0.4197925627231598
v -33.8879508972168 2.65305233001709 0.3016515076160431
v -33.8175163269043 2.482667207717896 0
v -32.09332275390625 4.105659008026123 0
v -32.03475952148438 3.935169458389282 0.2949395179748535
v -31.92891311645508 3.627046585083008 0.4104518592357636
v -31.82306861877441 3.318923711776733 0.2949395179748535
v -31.76450347900391 3.148434162139893 0
v -29.29514312744141 4.891894340515137 0
v -29.24717140197754 4.726799488067627 0.2812864780426025
v -29.16047286987305 4.406844139099121 0.3914516568183899
v -29.07377433776856 4.108470916748047 0.2812864780426025
v -29.02580261230469 3.943376064300537 0
v -26.75403022766113 5.474971294403076 0
v -26.72306823730469 5.312191963195801 0.2711012363433838
v -26.66711044311523 5.001447677612305 0.3772773742675781
v -26.61115264892578 4.707258701324463 0.2711012363433838
v -26.58019065856934 4.544479370117188 0
v -24.06152534484863 6.013794422149658 0
v -24.04277229309082 5.847414493560791 0.27394038438797
v -24.00321769714356 5.526895523071289 0.3812284469604492
v -23.96932792663574 5.226199626922607 0.27394038438797
v -23.95057487487793 5.05981969833374 0
v -21.80666732788086 6.371407508850098 0
v -21.78177642822266 6.206591606140137 0.2727157771587372
v -21.73449516296387 5.894959926605225 0.3795242607593536
v -21.68950843811035 5.597090721130371 0.2727157771587372
v -21.66461753845215 5.432275295257568 0
v -19.69247245788574 6.634776115417481 0
v -19.67537689208984 6.479804515838623 0.2550904452800751
v -19.64447784423828 6.174493312835693 0.3549959659576416
v -19.61358070373535 5.894414901733398 0.2550904452800751
v -19.59648323059082 5.739443302154541 0
v -17.85335159301758 6.760674953460693 0
v -17.83268165588379 6.630715370178223 0.215301901102066
v -17.78789329528809 6.36797046661377 0.2996243536472321
v -17.75053596496582 6.133096218109131 0.215301901102066
v -17.72986602783203 6.00313663482666 0
v -16.95022201538086 6.725904941558838 0
v -16.91877555847168 6.627952575683594 0.1683179587125778
v -16.86043548583984 6.425339698791504 0.2342392653226852
v -16.80661201477051 6.234767436981201 0.1683179587125778
v -16.77516555786133 6.136815071105957 0
v -16.61357688903809 6.556248664855957 0.08415897935628891
v -16.54165649414063 6.601934909820557 0
v -16.46518325805664 6.251644134521484 0.08415897935628891
v -16.43674468994141 6.396141529083252 0.1171196326613426
v -16.38111114501953 6.239926338195801 0
v -16.32308197021484 6.40155839920044 0
v 16.32308197021484 6.40155839920044 -1.110223024625157e-16
v 16.38111114501953 6.239926338195801 -1.110223024625157e-16
v 16.43674468994141 6.396141529083252 0.1171196326613426
v 16.46518325805664 6.251644134521484 0.08415897935628891
v 16.54165649414063 6.601934909820557 -1.110223024625157e-16
v 16.61357688903809 6.556248664855957 0.08415897935628891
v 16.77516555786133 6.136815071105957 -1.110223024625157e-16
v 16.80661201477051 6.234767436981201 0.1683179587125778
v 16.86043548583984 6.425339698791504 0.2342392653226852
v 16.91877555847168 6.627952575683594 0.1683179587125778
v 16.95022201538086 6.725904941558838 -1.110223024625157e-16
v 17.72986602783203 6.00313663482666 -1.110223024625157e-16
v 17.75053596496582 6.133096218109131 0.215301901102066
v 17.78789329528809 6.36797046661377 0.2996243536472321
v 17.83268165588379 6.630715370178223 0.215301901102066
v 17.85335159301758 6.760674953460693 -1.110223024625157e-16
v 19.59648323059082 5.739443302154541 -1.110223024625157e-16
v 19.61358070373535 5.894414901733398 0.2550904452800751
v 19.64447784423828 6.174493312835693 0.3549959659576416
v 19.67537689208984 6.479804515838623 0.2550904452800751
v 19.69247245788574 6.634776115417481 -1.110223024625157e-16
v 21.66461753845215 5.432275295257568 -1.110223024625157e-16
v 21.68950843811035 5.597090721130371 0.2727157771587372
v 21.73449516296387 5.894959926605225 0.3795242607593536
v 21.78177642822266 6.206591606140137 0.2727157771587372
v 21.80666732788086 6.371407508850098 -1.110223024625157e-16
v 23.95057487487793 5.05981969833374 -1.110223024625157e-16
v 23.96932792663574 5.226199626922607 0.27394038438797
v 24.00321769714356 5.526895523071289 0.3812284469604492
v 24.04277229309082 5.847414493560791 0.27394038438797
v 24.06152534484863 6.013794422149658 -1.110223024625157e-16
v 26.58019065856934 4.544479370117188 -1.110223024625157e-16
v 26.61115264892578 4.707258701324463 0.2711012363433838
v 26.66711044311523 5.001447677612305 0.3772773742675781
v 26.72306823730469 5.312191963195801 0.2711012363433838
v 26.75403022766113 5.474971294403076 -1.110223024625157e-16
v 29.02580261230469 3.943376064300537 -1.110223024625157e-16
v 29.07377433776856 4.108470916748047 0.2812864780426025
v 29.16047286987305 4.406844139099121 0.3914516568183899
v 29.24717140197754 4.726799488067627 0.2812864780426025
v 29.29514312744141 4.891894340515137 -1.110223024625157e-16
v 31.76450347900391 3.148434162139893 -1.110223024625157e-16
v 31.82306861877441 3.318923711776733 0.2949395179748535
v 31.92891311645508 3.627046585083008 0.4104518592357636
v 32.03475952148438 3.935169458389282 0.2949395179748535
v 32.09332275390625 4.105659008026123 -1.110223024625157e-16
v 33.8175163269043 2.482667207717896 -1.110223024625157e-16
v 33.8879508972168 2.65305233001709 0.3016515076160431
v 34.01525115966797 2.960987091064453 0.4197925627231598
v 34.14254760742188 3.268921613693237 0.3016515076160431
v 34.21298599243164 3.439306735992432 -1.110223024625157e-16
v 36.21393966674805 1.623593091964722 -1.110223024625157e-16
v 36.27782821655273 1.803001999855042 0.3115910887718201
v 36.39329528808594 2.127244710922241 0.4336249828338623
v 36.50876235961914 2.45148777961731 0.3115910887718201
v 36.57265472412109 2.63089656829834 -1.110223024625157e-16
v 38.72459411621094 0.5962861180305481 -1.110223024625157e-16
v 38.81352996826172 0.7898903489112854 0.3485830128192902
v 38.97426605224609 1.139788389205933 0.4851046800613403
v 39.13500213623047 1.489686369895935 0.3485830128192902
v 39.22393798828125 1.683290600776672 -1.110223024625157e-16
v 40.50876998901367 -0.2726832330226898 -1.110223024625157e-16
v 40.60463714599609 -0.04119686037302017 0.4099337458610535
v 40.77790069580078 0.377164900302887 0.5704832673072815
v 40.9511604309082 0.7955266833305359 0.4099337458610535
v 41.04703140258789 1.027013063430786 -1.110223024625157e-16
v 42.19100189208984 -1.334585189819336 -1.110223024625157e-16
v 42.29788589477539 -1.023655891418457 0.5379350185394287
v 42.49105453491211 -0.461717963218689 0.7486159801483154
v 42.68422698974609 0.1002199277281761 0.5379350185394287
v 42.79111099243164 0.4111492931842804 -1.110223024625157e-16
v 43.83125686645508 -2.628295421600342 -1.110223024625157e-16
v 43.96477890014648 -2.164455413818359 0.7897138595581055
v 44.11708450317383 -1.453819513320923 1.099003314971924
v 44.35839462280273 -0.6155284643173218 0.7897138595581055
v 44.49191665649414 -0.1516883969306946 -1.110223024625157e-16
v 44.67387771606445 -4.301566123962402 -1.110223024625157e-16
v 44.67868423461914 -5.540002346038818 -1.110223024625157e-16
v 44.73645782470703 -3.281461954116821 1.301500797271729
v 44.86937713623047 -2.546499490737915 1.439857125282288
v 45.29217910766602 -1.172414064407349 1.301500797271729
v 45.38482666015625 -4.337808132171631 1.444756269454956
v 45.526123046875 -0.4121102690696716 -1.110223024625157e-16
v 45.92295455932617 -3.037376165390015 0.8633299469947815
v 46.33113479614258 -1.647603392601013 1.444756269454956
v 46.59869766235352 -0.7296757102012634 -1.110223024625157e-16
v 46.63274002075195 -6.12096643447876 -1.110223024625157e-16
v 47.02416229248047 -4.864928245544434 1.588011741638184
v 47.41772079467773 -3.508198976516724 0.2868027985095978
v 47.75112152099609 -2.122792720794678 1.588011741638184
v 48.05229949951172 -1.04724109172821 -1.110223024625157e-16
v 48.53847503662109 -6.144453048706055 -1.110223024625157e-16
v 48.79819488525391 -5.137293815612793 1.561769485473633
v 49.13758087158203 -3.68242621421814 0.2820633053779602
v 49.47696304321289 -2.287720918655396 1.561769485473633
v 49.7366828918457 -1.220399618148804 -1.110223024625157e-16
v 51.82592010498047 -1.284877061843872 -1.110223024625157e-16
v 51.84208297729492 -2.275863409042358 1.409144163131714
v 51.85662460327148 -3.531346797943115 0.2544984221458435
v 51.88777160644531 -4.97670841217041 1.409144163131714
v 51.90393447875977 -5.967694759368897 -1.110223024625157e-16
v 54.14253234863281 -1.074196934700012 -1.110223024625157e-16
v 54.34798431396484 -1.904970765113831 1.216754198074341
v 54.60579681396484 -2.921297550201416 0.2197518348693848
v 54.93923950195313 -4.153092861175537 1.216754198074341
v 55.14469146728516 -4.983866691589356 -1.110223024625157e-16
v 56.3289680480957 -0.5098397135734558 -1.110223024625157e-16
v 56.63344955444336 -1.086876392364502 0.9276226162910461
v 57.02066802978516 -1.776964783668518 0.1675332486629486
v 57.53886413574219 -2.631268739700317 0.9276226162910461
v 57.84334564208984 -3.208305597305298 -1.110223024625157e-16
v 57.88845062255859 0.2217885553836823 -1.110223024625157e-16
v 58.08979034423828 -0.08978112041950226 0.6069378256797791
v 58.41050720214844 -0.6053968071937561 0.8446435332298279
v 58.77642059326172 0.940189003944397 -1.110223024625157e-16
v 58.85332870483398 -1.24085795879364 0.6069378256797791
v 58.92135238647461 0.7759983539581299 0.3583227396011353
v 59.05466842651367 -1.552427649497986 -1.110223024625157e-16
v 59.12741851806641 1.025011658668518 0.1791613698005676
v 59.15317153930664 1.185810446739197 -1.110223024625157e-16
v 59.18329238891602 0.479259192943573 0.4986589848995209
v 59.44713973999023 1.035743951797485 0.2493294924497604
v 59.48484039306641 0.1678709089756012 0.3583227396011353
v 59.53048324584961 1.198504328727722 -1.110223024625157e-16
v 59.54310607910156 0.650913417339325 0.1791613698005676
v 59.62977600097656 0.003680295310914516 -1.110223024625157e-16
v 59.67864990234375 0.708846926689148 -1.110223024625157e-16
 0.9999380707740784
 0.9999590516090393
 0.9999846816062927
g object_2
v -29.17349052429199 -0.7311728000640869 0
v -28.95647621154785 -3.426868200302124 0
v -28.90771102905273 -0.7901389002799988 0.445417582988739
v -28.70107650756836 -3.335347890853882 0.4438821971416473
v -28.59311103820801 1.056505799293518 0
v -28.42737579345703 -0.8967074751853943 0.619864284992218
v -28.35610008239746 0.9771656394004822 0.4089271426200867
v -28.26081085205078 -3.185930728912354 0.6177275776863098
v -27.9470386505127 -1.003275990486145 0.445417582988739
v -27.92775535583496 0.8337752223014832 0.5690824389457703
v -27.68126106262207 -1.062242150306702 0
v -27.66601181030273 -2.98855471611023 0.4438821971416473
v -27.62143898010254 -5.236071586608887 0
v -27.49940872192383 0.6903848052024841 0.4089271426200867
v -27.41376304626465 -5.076687335968018 0.4283143877983093
v -27.41061210632324 -2.897034168243408 0
v -27.26239967346191 0.6110445261001587 0
v -27.03843498229981 -4.788634777069092 0.5960626602172852
v -26.85284614562988 3.121256589889526 0
v -26.72545433044434 2.94779896736145 0.3521126508712769
v -26.66310501098633 -4.500581741333008 0.4283143877983093
v -26.49522018432617 2.634311437606812 0.4900166690349579
v -26.45542907714844 -4.341197967529297 0
v -26.26498413085938 2.320824146270752 0.3521126508712769
v -26.13759231567383 2.147366523742676 0
v -26.00210189819336 -6.544358730316162 0
v -25.84764671325684 -6.335238933563232 0.4253502190113068
v -25.56850433349609 -5.957300186157227 0.5919376015663147
v -25.28936004638672 -5.579360961914063 0.4253502190113068
v -25.13490676879883 -5.370241165161133 0
v -24.98062133789063 3.936798095703125 0
v -24.86899566650391 3.775188207626343 0.3213554322719574
v -24.6672534942627 3.483113288879395 0.4472135007381439
v -24.46551322937012 3.191038370132446 0.3213554322719574
v -24.35388565063477 3.029428482055664 0
v -24.10299682617188 -7.567496776580811 0
v -23.99540901184082 -7.312464237213135 0.4528728127479553
v -23.80096435546875 -6.851548671722412 0.6302393078804016
v -23.60652160644531 -6.390632629394531 0.4528728127479553
v -23.49893379211426 -6.135600566864014 0
v -23.16462707519531 4.469112873077393 0
v -23.11395454406738 4.29193925857544 0.3014993071556091
v -23.02237319946289 3.971736669540405 0.4195807576179504
v -22.93079376220703 3.651533842086792 0.3014993071556091
v -22.88011932373047 3.474360466003418 0
v -21.85681533813477 -8.350639343261719 0
v -21.78924179077148 -8.041077613830566 0.5184045433998108
v -21.73620986938477 4.72159481048584 0
v -21.70307922363281 4.540928363800049 0.3005201816558838
v -21.66711616516113 -7.481613159179688 0.7214363813400269
v -21.6432056427002 4.214412689208984 0.4182181656360626
v -21.58333015441895 3.88789701461792 0.3005201816558838
v -21.55020141601563 3.707230567932129 0
v -21.54499053955078 -6.92214822769165 0.5184045433998108
v -21.47741508483887 -6.612587451934815 0
v -20.31924819946289 4.901408195495606 0
v -20.2763729095459 4.747177124023438 0.261909157037735
v -20.25750160217285 4.431136608123779 0.3644852340221405
v -20.13205528259277 4.120424270629883 0.261909157037735
v -20.08917999267578 3.966193437576294 0
v -19.93034744262695 4.745610237121582 0.1309545785188675
v -19.83290672302246 4.183308601379395 0.1309545785188675
v -19.76057243347168 4.460639476776123 0.1822426170110703
v -19.58432006835938 4.744042873382568 0
v -19.53375625610352 4.246192932128906 0
v -19.45427322387695 -8.855415344238281 0
v -19.43302536010742 -8.487348556518555 0.6032042503356934
v -19.39462280273438 -7.822144985198975 0.8394477367401123
v -19.3808765411377 4.479485034942627 0
v -19.35622215270996 -7.156942367553711 0.6032042503356934
v -19.33497428894043 -6.788874626159668 0
v -16.53652763366699 -6.558348655700684 0
v -16.5178394317627 -7.000830173492432 0.7245966196060181
v -16.49409103393555 -7.720304012298584 1.00838303565979
v -16.45029067993164 -8.600210189819336 0.7245966196060181
v -16.43160247802734 -9.042691230773926 0
v -14.05004405975342 0.379010409116745 0
v -14.03655910491943 -5.834932327270508 0
v -13.99848461151123 -0.5616845488548279 0
v -13.91026115417481 -0.2169436514377594 0.1858834177255631
v -13.90859413146973 -1.069053173065186 0
v -13.88782501220703 0.2198995500802994 0.3717668354511261
v -13.74205207824707 -6.446765899658203 0.9654186367988586
v -13.73188495635986 -0.6670371294021606 0.2586842179298401
v -13.64901828765869 -0.9884551763534546 0
v -13.52886199951172 -0.1597613096237183 0.5173684358596802
v -13.44235229492188 -0.7178875207901001 0.1858834177255631
v -13.38880920410156 1.693401336669922 0
v -13.35720920562744 -7.246270179748535 0.1743593961000443
v -13.24550628662109 1.330274939537048 0.6387070417404175
v -13.23035717010498 -0.3993609249591827 0.3717668354511261
v -13.06813812255859 -0.5584717988967896 0
v -12.98764991760254 -8.213884353637695 0.9654186367988586
v -12.86468887329102 0.5846613049507141 0.8888550996780396
v -12.69314289093018 -8.825717926025391 0
v -12.61102867126465 0.002991378773003817 0.6387071013450623
v -12.4677267074585 -0.360135018825531 0
v -12.2285737991333 2.447325944900513 0
v -12.08811283111572 1.823546051979065 0.9090791344642639
v -11.91269016265869 0.8784811496734619 0.1641841977834702
v -11.77215385437012 -4.998560905456543 0
v -11.69184398651123 0.1432981491088867 0.9090791344642639
v -11.55138301849365 -0.4804816842079163 0
v -11.32364177703857 -5.652842998504639 1.127823233604431
v -10.92257785797119 -1.033913731575012 0
v -10.86790657043457 -6.367437362670898 0.2036904841661453
v -10.72010326385498 -3.641328573226929 0
v -10.68627262115479 -0.196257621049881 1.237438678741455
v -10.53508853912354 -1.702123641967773 0
v -10.48475933074951 -2.784687995910645 0
v -10.41809368133545 0.8739708065986633 0.2234875559806824
v -10.17483997344971 -7.359954833984375 1.127823233604431
v -9.96311092376709 2.301562547683716 1.237438678741455
v -9.755221366882324 -4.067317008972168 1.499591588973999
v -9.726805686950684 3.139218807220459 0
v -9.726327896118164 -8.014236450195313 0
v -9.507405281066895 -1.108168721199036 1.68761146068573
v -9.270892143249512 -2.655048847198486 1.735657334327698
v -8.604673385620117 -4.633997917175293 0.2708336710929871
v -8.234684944152832 -0.3621083796024323 0.3047910034656525
v -7.734825134277344 -2.495672225952148 0.313468337059021
v -7.053455829620361 -5.511590003967285 1.499591588973999
v -6.297581672668457 0.8720578551292419 1.68761146068573
v -6.088573932647705 -5.937578678131104 0
v -5.781836032867432 -2.784751653671265 1.735657334327698
v -5.269898891448975 1.466012835502625 0
v -4.567968845367432 -2.655112743377686 0
v 4.567968845367432 -2.655112743377686 -1.110223024625157e-16
v 5.269898891448975 1.466012835502625 -1.110223024625157e-16
v 5.781836032867432 -2.784751653671265 1.735657334327698
v 6.088573932647705 -5.937578678131104 -1.110223024625157e-16
v 6.297581672668457 0.8720578551292419 1.68761146068573
v 7.053455829620361 -5.511590003967285 1.499591588973999
v 7.734825134277344 -2.495672225952148 0.313468337059021
v 8.234684944152832 -0.3621083796024323 0.3047910034656525
v 8.604673385620117 -4.633997917175293 0.2708336710929871
v 9.270892143249512 -2.655048847198486 1.735657334327698
v 9.507405281066895 -1.108168721199036 1.68761146068573
v 9.726327896118164 -8.014236450195313 -1.110223024625157e-16
v 9.726805686950684 3.139218807220459 -1.110223024625157e-16
v 9.755221366882324 -4.067317008972168 1.499591588973999
v 9.96311092376709 2.301562547683716 1.237438678741455
v 10.17483997344971 -7.359954833984375 1.127823233604431
v 10.41809368133545 0.8739708065986633 0.2234875559806824
v 10.48475933074951 -2.784687995910645 -1.110223024625157e-16
v 10.53508853912354 -1.702123641967773 -1.110223024625157e-16
v 10.68627262115479 -0.196257621049881 1.237438678741455
v 10.72010326385498 -3.641328573226929 -1.110223024625157e-16
v 10.86790657043457 -6.367437362670898 0.2036904841661453
v 10.92257785797119 -1.033913731575012 -1.110223024625157e-16
v 11.32364177703857 -5.652842998504639 1.127823233604431
v 11.55138301849365 -0.4804816842079163 -1.110223024625157e-16
v 11.69184398651123 0.1432981491088867 0.9090791344642639
v 11.77215385437012 -4.998560905456543 -1.110223024625157e-16
v 11.91269016265869 0.8784811496734619 0.1641841977834702
v 12.08811283111572 1.823546051979065 0.9090791344642639
v 12.2285737991333 2.447325944900513 -1.110223024625157e-16
v 12.4677267074585 -0.360135018825531 -1.110223024625157e-16
v 12.61102867126465 0.002991378773003817 0.6387071013450623
v 12.69314289093018 -8.825717926025391 -1.110223024625157e-16
v 12.86468887329102 0.5846613049507141 0.8888550996780396
v 12.98764991760254 -8.213884353637695 0.9654186367988586
v 13.06813812255859 -0.5584717988967896 -1.110223024625157e-16
v 13.23035717010498 -0.3993609249591827 0.3717668354511261
v 13.24550628662109 1.330274939537048 0.6387070417404175
v 13.35720920562744 -7.246270179748535 0.1743593961000443
v 13.38880920410156 1.693401336669922 -1.110223024625157e-16
v 13.44235229492188 -0.7178875207901001 0.1858834177255631
v 13.52886199951172 -0.1597613096237183 0.5173684358596802
v 13.64901828765869 -0.9884551763534546 -1.110223024625157e-16
v 13.73188495635986 -0.6670371294021606 0.2586842179298401
v 13.74205207824707 -6.446765899658203 0.9654186367988586
v 13.88782501220703 0.2198995500802994 0.3717668354511261
v 13.90859413146973 -1.069053173065186 -1.110223024625157e-16
v 13.91026115417481 -0.2169436514377594 0.1858834177255631
v 13.99848461151123 -0.5616845488548279 -1.110223024625157e-16
v 14.03655910491943 -5.834932327270508 -1.110223024625157e-16
v 14.05004405975342 0.379010409116745 -1.110223024625157e-16
v 16.43160247802734 -9.042691230773926 -1.110223024625157e-16
v 16.45029067993164 -8.600210189819336 0.7245966196060181
v 16.49409103393555 -7.720304012298584 1.00838303565979
v 16.5178394317627 -7.000830173492432 0.7245966196060181
v 16.53652763366699 -6.558348655700684 -1.110223024625157e-16
v 19.33497428894043 -6.788874626159668 -1.110223024625157e-16
v 19.35622215270996 -7.156942367553711 0.6032042503356934
v 19.3808765411377 4.479485034942627 -1.110223024625157e-16
v 19.39462280273438 -7.822144985198975 0.8394477367401123
v 19.43302536010742 -8.487348556518555 0.6032042503356934
v 19.45427322387695 -8.855415344238281 -1.110223024625157e-16
v 19.53375625610352 4.246192932128906 -1.110223024625157e-16
v 19.58432006835938 4.744042873382568 -1.110223024625157e-16
v 19.76057243347168 4.460639476776123 0.1822426170110703
v 19.83290672302246 4.183308601379395 0.1309545785188675
v 19.93034744262695 4.745610237121582 0.1309545785188675
v 20.08917999267578 3.966193437576294 -1.110223024625157e-16
v 20.13205528259277 4.120424270629883 0.261909157037735
v 20.25750160217285 4.431136608123779 0.3644852340221405
v 20.2763729095459 4.747177124023438 0.261909157037735
v 20.31924819946289 4.901408195495606 -1.110223024625157e-16
v 21.47741508483887 -6.612587451934815 -1.110223024625157e-16
v 21.54499053955078 -6.92214822769165 0.5184045433998108
v 21.55020141601563 3.707230567932129 -1.110223024625157e-16
v 21.58333015441895 3.88789701461792 0.3005201816558838
v 21.6432056427002 4.214412689208984 0.4182181656360626
v 21.66711616516113 -7.481613159179688 0.7214363813400269
v 21.70307922363281 4.540928363800049 0.3005201816558838
v 21.73620986938477 4.72159481048584 -1.110223024625157e-16
v 21.78924179077148 -8.041077613830566 0.5184045433998108
v 21.85681533813477 -8.350639343261719 -1.110223024625157e-16
v 22.88011932373047 3.474360466003418 -1.110223024625157e-16
v 22.93079376220703 3.651533842086792 0.3014993071556091
v 23.02237319946289 3.971736669540405 0.4195807576179504
v 23.11395454406738 4.29193925857544 0.3014993071556091
v 23.16462707519531 4.469112873077393 -1.110223024625157e-16
v 23.49893379211426 -6.135600566864014 -1.110223024625157e-16
v 23.60652160644531 -6.390632629394531 0.4528728127479553
v 23.80096435546875 -6.851548671722412 0.6302393078804016
v 23.99540901184082 -7.312464237213135 0.4528728127479553
v 24.10299682617188 -7.567496776580811 -1.110223024625157e-16
v 24.35388565063477 3.029428482055664 -1.110223024625157e-16
v 24.46551322937012 3.191038370132446 0.3213554322719574
v 24.6672534942627 3.483113288879395 0.4472135007381439
v 24.86899566650391 3.775188207626343 0.3213554322719574
v 24.98062133789063 3.936798095703125 -1.110223024625157e-16
v 25.13490676879883 -5.370241165161133 -1.110223024625157e-16
v 25.28936004638672 -5.579360961914063 0.4253502190113068
v 25.56850433349609 -5.957300186157227 0.5919376015663147
v 25.84764671325684 -6.335238933563232 0.4253502190113068
v 26.00210189819336 -6.544358730316162 -1.110223024625157e-16
v 26.13759231567383 2.147366523742676 -1.110223024625157e-16
v 26.26498413085938 2.320824146270752 0.3521126508712769
v 26.45542907714844 -4.341197967529297 -1.110223024625157e-16
v 26.49522018432617 2.634311437606812 0.4900166690349579
v 26.66310501098633 -4.500581741333008 0.4283143877983093
v 26.72545433044434 2.94779896736145 0.3521126508712769
v 26.85284614562988 3.121256589889526 -1.110223024625157e-16
v 27.03843498229981 -4.788634777069092 0.5960626602172852
v 27.26239967346191 0.6110445261001587 -1.110223024625157e-16
v 27.41061210632324 -2.897034168243408 -1.110223024625157e-16
v 27.41376304626465 -5.076687335968018 0.4283143877983093
v 27.49940872192383 0.6903848052024841 0.4089271426200867
v 27.62143898010254 -5.236071586608887 -1.110223024625157e-16
v 27.66601181030273 -2.98855471611023 0.4438821971416473
v 27.68126106262207 -1.062242150306702 -1.110223024625157e-16
v 27.92775535583496 0.8337752223014832 0.5690824389457703
v 27.9470386505127 -1.003275990486145 0.445417582988739
v 28.26081085205078 -3.185930728912354 0.6177275776863098
v 28.35610008239746 0.9771656394004822 0.4089271426200867
v 28.42737579345703 -0.8967074751853943 0.619864284992218
v 28.59311103820801 1.056505799293518 -1.110223024625157e-16
v 28.70107650756836 -3.335347890853882 0.4438821971416473
v 28.90771102905273 -0.7901389002799988 0.445417582988739
v 28.95647621154785 -3.426868200302124 -1.110223024625157e-16
v 29.17349052429199 -0.7311728000640869 -1.110223024625157e-16
 -0.9999712109565735
 -0.9998408555984497
 -0.9998495578765869
 -0.9999547600746155
 -0.5210745930671692
 -0.9997262358665466
 -0.9999712109565735
 -0.9998582601547241
 -0.9999547600746155
 -0.9989404082298279
g object_3
v -2.282349109649658 7.301198959350586 2.046238477054416e-15
v -1.582999229431152 5.718199729919434 2.75120472905462e-15
v -1.582999229431152 7.301198959350586 1.235739588737488
v -1.582999229431152 8.884198188781738 1.931039031612515e-15
v -1.181080222129822 6.120118618011475 0.921988844871521
v -1.181080222129822 8.482278823852539 0.921988844871521
v -3.725773097836395e-15 5.018849849700928 7.967027789240419e-16
v -1.970706219807145e-15 7.301198959350586 1.78167450428009
v -9.523429653996514e-16 8.884198188781738 1.235739588737488
v -1.016254645294643e-16 5.718199729919434 1.235739588737488
v 1.166308358315534e-15 9.583548545837402 1.684238512375438e-15
v 1.181080222129822 6.120118618011475 0.921988844871521
v 1.181080222129822 8.482278823852539 0.921988844871521
v 1.582999229431152 5.718199729919434 2.915343832364742e-15
v 1.582999229431152 7.301198959350586 1.235739588737488
v 1.582999229431152 8.884198188781738 2.387598472270293e-15
v 2.282349109649658 7.301198959350586 1.510398340720412e-15
g object_4
v -79.03864288330078 1.529721736907959 0
v -77.29914093017578 -0.3290852606296539 0
v -77.17377471923828 1.869296789169312 1.27717399597168
v -76.91165924072266 3.446680068969727 0
v -75.58726501464844 0.1390319466590881 1.762525916099548
v -75.37995910644531 -2.237518548965454 0
v -74.96637725830078 3.529809236526489 1.636304259300232
v -74.14345550537109 -1.789882779121399 1.673196792602539
v -73.88578796386719 4.691588401794434 0
v -73.43536376953125 2.035112619400024 2.100121259689331
v -73.40369415283203 4.407609939575195 1.020595788955689
v -73.35028839111328 0.7507368326187134 0.4557140171527863
v -72.60704040527344 4.91582727432251 0
v -72.59074401855469 4.679708480834961 0.4449377954006195
v -72.51661682128906 -4.075823783874512 0
v -72.39012145996094 -1.189658880233765 0.3376744091510773
v -72.151123046875 3.331789255142212 1.981021404266357
v -71.74263763427734 -3.514991044998169 1.35894250869751
v -71.52381896972656 4.486934661865234 1.496443152427673
v -71.37745666503906 1.117162585258484 1.927602410316467
v -71.35572052001953 4.798136711120606 0.6828614473342896
v -71.22822570800781 5.011876106262207 0
v -70.96926116943359 -0.7265461087226868 1.54919159412384
v -70.73126220703125 -2.782131433486939 0.2454317659139633
v -70.40802001953125 2.647578954696655 1.874754905700684
v -70.22222137451172 4.637020111083984 0.4449377954006195
v -70.09842681884766 4.847126483917236 0
v -70.03847503662109 -5.432711601257324 0
v -69.87334442138672 1.434488773345947 0
v -69.81970977783203 4.420334815979004 1.020595788955689
v -69.73275756835938 -0.2789102792739868 0
v -69.71987915039063 -2.049272060394287 1.35894250869751
v -69.54383087158203 -4.852864265441895 1.083622574806213
v -69.47195434570313 4.70358943939209 0
v -69.11473846435547 2.616047143936157 0
v -68.94590759277344 -1.488439202308655 0
v -68.89746856689453 -4.095157623291016 0.1957076042890549
v -68.67355346679688 5.835008144378662 0
v -68.66567993164063 5.545698165893555 0
v -68.43006134033203 3.527804613113403 1.122535586357117
v -68.31986236572266 5.419780254364014 0
v -68.25369262695313 6.22962236404419 0.2129297405481339
v -68.25110626220703 -3.337450742721558 1.083622574806213
v -68.15388488769531 5.870189666748047 0.2963231503963471
v -67.93994140625 6.861916542053223 0
v -67.88510131835938 5.592453002929688 0.2129297405481339
v -67.83383941650391 6.624236583709717 0.4258594810962677
v -67.75646209716797 -2.757603406906128 0
v -67.73042297363281 0.7745482325553894 0
v -67.64208984375 6.194681167602539 0.5926463007926941
v -67.45033264160156 5.765125751495361 0.4258594810962677
v -67.37458801269531 -6.572824001312256 0
v -67.34423065185547 5.527445793151856 0
v -67.11130523681641 -6.142868995666504 0.8248676061630249
v -67.09209442138672 -1.7315673828125 0
v -66.63548278808594 -5.365817546844482 1.147925019264221
v -66.48477935791016 3.610933780670166 0
v -66.47686767578125 0.435488224029541 1.384623289108276
v -66.31768035888672 8.263993263244629 0
v -66.29866027832031 3.526925325393677 0
v -66.20187377929688 7.8590087890625 0.689160168170929
v -66.15965270996094 -4.588765621185303 0.8248676061630249
v -65.99257659912109 7.127086162567139 0.9590680599212647
v -65.93506622314453 -1.643876194953919 1.237212419509888
v -65.89636993408203 -4.158810615539551 0
v -65.81674194335938 6.201176166534424 0.689160168170929
v -65.75586700439453 5.677708625793457 0
v -65.35100555419922 2.826615333557129 1.256397247314453
v -65.18214416503906 -3.463979482650757 0
v -64.76246643066406 -7.436010360717773 0
v -64.58891296386719 -7.054172992706299 0.6862297058105469
v -64.57621765136719 0.07188412547111511 0.2514702677726746
v -64.29000854492188 -4.251800060272217 0
v -64.2752685546875 -6.364085197448731 0.9549899101257324
v -64.22238922119141 -1.546897649765015 0.2246980518102646
v -64.15346527099609 -3.334742069244385 1.105448722839356
v -63.96162033081055 -5.673996925354004 0.6862297058105469
v -63.78807067871094 -5.292159557342529 0
v -63.78352737426758 1.410546183586121 0.228182315826416
v -63.04656982421875 -0.3418551087379456 1.384623289108276
v -62.89821243286133 -3.177039861679077 0.2007675766944885
v -62.88503265380859 -4.350516319274902 0.7111291885375977
v -62.81052780151367 -1.439892172813416 1.237212419509888
v -62.74943542480469 9.708380699157715 0
v -62.64133453369141 9.190744400024414 0.8651834726333618
v -62.62715148925781 0.5559905171394348 1.256397247314453
v -62.56584548950195 -5.333433151245117 0
v -62.44596481323242 8.255228996276856 1.204030394554138
v -62.37055206298828 3.577758073806763 0
v -62.30202865600586 -8.097735404968262 0
v -62.2505989074707 7.319714069366455 0.8651834726333618
v -62.20827865600586 -7.729052066802979 0.6224051713943481
v -62.18217849731445 3.010632276535034 0.8496400713920593
v -62.15703964233398 -5.220847606658936 0.6684663891792297
v -62.03884124755859 -7.062737464904785 0.8661685585975647
v -62.00586318969727 -6.00685453414917 0
v -61.92058944702148 4.803458213806152 0
v -61.79301834106445 -0.6809151768684387 0
v -61.76675415039063 -3.0936119556427 1.105448722839356
v -61.69537734985352 1.758170962333679 0.1534492075443268
v -61.67950057983398 -0.1443193256855011 0
v -61.65349960327148 -1.352200984954834 0
v -61.46003341674805 -6.558482646942139 0.6224051713943481
v -61.44922256469727 1.017088055610657 0.8496400713920593
v -61.39450454711914 5.080708980560303 0.9729532599449158
v -61.28616714477539 -4.462855815887451 0.8718940615653992
v -61.26084518432617 0.4499622583389282 0
v -61.01468276977539 2.431092977523804 0
v -60.94649124145508 2.164422750473023 0.4503437280654907
v -60.82324600219727 1.68247377872467 0.6267197132110596
v -60.76510238647461 5.889093399047852 1.354007959365845
v -60.73807525634766 -2.964374542236328 0
v -60.71902465820313 2.079558610916138 0.2251718640327454
v -60.69999694824219 1.200524806976318 0.4503437280654907
v -60.63180541992188 0.9338546395301819 0
v -60.52497863769531 1.647558689117432 0.3133598566055298
v -60.45733261108398 1.260839343070984 0.2251718640327454
v -60.45208740234375 2.014430522918701 0
v -60.18723678588867 1.56001353263855 0
v -60.17518997192383 1.268524050712585 0
v -60.13019180297852 7.390720844268799 0.8084959387779236
v -59.78633499145508 -4.637091159820557 0.7111291289329529
v -59.64463424682617 6.25974702835083 0.9729532599449158
v -59.55507278442383 8.336723327636719 1.125141382217407
v -59.36230850219727 6.912677764892578 0
v -59.25859451293945 9.175525665283203 0.8084959387779236
v -59.06830215454102 9.671525955200195 0
v -58.96683883666992 6.360101699829102 0
v -58.86849594116211 -5.859354496002197 0.8055583834648132
v -58.38136291503906 -4.735807418823242 0
v -58.31972503662109 2.934603214263916 0
v -58.06059265136719 -9.070061683654785 0
v -58.01181411743164 -8.704170227050781 0.603937029838562
v -57.96072006225586 3.303355693817139 0.8420282006263733
v -57.92365646362305 -8.042901039123535 0.8404675126075745
v -57.83549880981445 -7.381631374359131 0.603937029838562
v -57.3118896484375 3.969796419143677 1.171806454658508
v -56.66305923461914 4.636237144470215 0.8420282006263733
v -56.53419494628906 -6.322394847869873 0.6684663891792297
v -56.30405044555664 5.004989624023438 0
v -56.12290191650391 6.27403450012207 0
v -56.03664398193359 6.769351959228516 0.8225940465927124
v -55.97585678100586 -6.20526647567749 0
v -55.88075256347656 7.664531707763672 1.144760966300964
v -55.72485733032227 8.559711456298828 0.8225940465927124
v -55.63860321044922 9.055028915405273 0
v -54.77153396606445 1.348629355430603 0
v -54.57281875610352 1.813297629356384 0.8268535137176514
v -54.21368408203125 2.653085470199585 1.150688648223877
v -53.91933059692383 -9.459559440612793 0
v -53.89163208007813 -9.097541809082031 0.5940345525741577
v -53.85454940795898 3.492873191833496 0.8268535137176514
v -53.84156799316406 -8.443272590637207 0.8266866803169251
v -53.79150390625 -7.789003849029541 0.5940345525741577
v -53.76380157470703 -7.426986217498779 0
v -53.65583419799805 3.957541465759277 0
v -52.53865051269531 5.349018573760986 0
v -52.43592071533203 5.860852718353272 0.8541202545166016
v -52.25026321411133 6.785881996154785 1.188634276390076
v -52.06460189819336 7.710911273956299 0.8541202545166016
v -51.96187591552734 8.222744941711426 0
v -51.4796257019043 0.5795983076095581 0
v -51.39552688598633 1.056843042373657 0.7928582429885864
v -51.2435417175293 1.919360160827637 1.103379249572754
v -51.091552734375 2.781877279281616 0.7928582429885864
v -51.0074577331543 3.259122133255005 0
v -50.61454772949219 -9.668472290039063 0
v -50.58776092529297 -9.320931434631348 0.5703041553497315
v -50.53934860229492 -8.692825317382813 0.793662428855896
v -50.49093246459961 -8.064720153808594 0.5703042149543762
v -50.46414566040039 -7.717179298400879 0
v -48.40143966674805 4.779845714569092 0
v -48.34086227416992 5.275984764099121 0.8177698254585266
v -48.23138046264648 6.172649383544922 1.138047337532044
v -48.12189865112305 7.069313526153565 0.8177698254585266
v -48.06132125854492 7.565452575683594 0
v -47.91620635986328 3.109215259552002 0
v -47.89688491821289 2.673736095428467 0.7131957411766052
v -47.86196517944336 1.886701345443726 0.9925171136856079
v -47.82704544067383 1.099666476249695 0.7131957411766052
v -47.80772399902344 0.6641873121261597 0
v -47.13689041137695 -9.740864753723145 0
v -47.11006927490234 -9.401752471923828 0.5565600991249085
v -47.06159210205078 -8.788880348205566 0.7745354771614075
v -47.01311874389648 -8.176007270812988 0.5565600991249085
v -46.98629760742188 -7.83689546585083 0
v -44.84135437011719 4.804375171661377 0
v -44.81595993041992 5.251741409301758 0.7331216931343079
v -44.77006530761719 6.060259342193604 1.020246982574463
v -44.72417068481445 6.868777275085449 0.7331216931343079
v -44.69877624511719 7.31614351272583 0
v -44.56515884399414 3.478130102157593 0
v -44.51381301879883 3.097442626953125 0.6284886002540588
v -44.42101669311523 2.409432411193848 0.8746345639228821
v -44.32822036743164 1.721422076225281 0.6284886002540588
v -44.27687835693359 1.340734839439392 0
v -43.72983932495117 -7.714703559875488 0
v -43.70212554931641 -8.061267852783203 0.5688291192054749
v -43.65204238891602 -8.687607765197754 0.7916095852851868
v -43.60195922851563 -9.313947677612305 0.5688291192054749
v -43.57424545288086 -9.660511016845703 0
v -41.98123168945313 7.376646518707275 0
v -41.97315979003906 6.96338701248169 0.6762704849243164
v -41.95856857299805 6.216508388519287 0.9411301612854004
v -41.9439811706543 5.469630241394043 0.6762704849243164
v -41.93590927124023 5.056370258331299 0
v -41.38085556030273 4.148815155029297 0
v -41.29510116577148 3.808700323104858 0.5738837122917175
v -41.14011383056641 3.194016218185425 0.7986438274383545
v -40.98512649536133 2.579332113265991 0.5738837122917175
v -40.89936828613281 2.239217281341553 0
v -40.11830520629883 -7.298748970031738 0
v -40.07433319091797 -7.67193078994751 0.6147934794425964
v -39.99485778808594 -8.346376419067383 0.8555758595466614
v -39.91538238525391 -9.020822525024414 0.6147934794425964
v -39.87141036987305 -9.394003868103027 0
v -38.56411743164063 7.702140808105469 0
v -38.51697158813477 7.319736957550049 0.6303945183753967
v -38.43176651000977 6.628623962402344 0.8772869110107422
v -38.34656143188477 5.937510967254639 0.6303945183753967
v -38.29941940307617 5.555107116699219 0
v -38.17355728149414 5.017042636871338 0
v -38.04434585571289 4.716865539550781 0.5346944332122803
v -37.81081771850586 4.174359798431397 0.7441061735153198
v -37.57728958129883 3.631854295730591 0.5346944332122803
v -37.44807434082031 3.331676959991455 0
v -36.12692260742188 -6.464023113250732 0
v -36.02661895751953 -6.887845516204834 0.7125787138938904
v -35.8453369140625 -7.65381383895874 0.9916584491729736
v -35.66405868530273 -8.419782638549805 0.7125787138938904
v -35.56375503540039 -8.843605041503906 0
v -35.30696868896484 5.808236122131348 0
v -35.07728576660156 5.58343505859375 0.5258254408836365
v -34.7416877746582 6.15587043762207 0
v -34.66218566894531 5.177154541015625 0.7317636609077454
v -34.30364990234375 8.296023368835449 0
v -34.27277755737305 7.929615497589111 0.6016095280647278
v -34.24708938598633 4.770874500274658 0.5258254408836365
v -34.21698760986328 7.267412662506104 0.8372284173965454
v -34.01740646362305 4.546072959899902 0
v -33.69823837280273 6.602090358734131 0.6016095280647278
v -32.87585067749023 -5.319395065307617 0
v -32.72509384155273 -5.834403991699219 0.8779747486114502
v -32.45262908935547 -6.765172004699707 1.221831321716309
v -32.18016815185547 -7.695940017700195 0.8779747486114502
v -32.02941131591797 -8.210948944091797 0
v -30.33227157592773 8.874969482421875 0
v -30.2991886138916 8.518222808837891 0.5861830115318298
v -30.23939895629883 7.873480796813965 0.8157601356506348
v -30.17960929870606 7.228738784790039 0.5861830115318298
v -29.99949264526367 -3.84275221824646 0
v -29.65546798706055 -4.61057186126709 1.19623339176178
v -29.20591926574707 -5.613908290863037 0.2160456776618958
v -28.75637054443359 -6.617244720458984 1.19623339176178
v -28.41234588623047 -7.385064601898193 0
v -28.03089141845703 -2.616514682769775 0
v -27.48498725891113 -3.468908786773682 1.439145922660828
v -26.84090614318848 -4.652035713195801 0.2599169015884399
v -26.23216438293457 -1.359214186668396 0
v -26.10575866699219 -5.748410224914551 1.439145922660828
v -25.79380989074707 9.420724868774414 0
v -25.7436580657959 9.068966865539551 0.5813374519348145
v -25.65301704406738 8.433239936828613 0.809016764163971
v -25.59781265258789 -2.313336610794067 1.629000782966614
v -25.5623779296875 7.797513008117676 0.5813374519348145
v -25.51237297058106 -6.549008369445801 0
v -25.5122241973877 7.445755004882813 0
v -24.76888465881348 -3.560121536254883 0.2942056059837341
v -24.38520431518555 0.04471280798316002 0
v -23.93995475769043 -4.806906223297119 1.629000782966614
v -23.62882041931152 -0.9819977879524231 1.813108801841736
v -23.30560493469238 -5.76102876663208 0
v -22.75126075744629 1.295572876930237 0
v -22.64042663574219 -2.323636054992676 0.3274564445018768
v -21.87014389038086 0.2617313861846924 1.931307911872864
v -21.66989326477051 9.681430816650391 0
v -21.65203475952148 -3.665274143218994 1.813108801841736
v -21.64296722412109 9.33353328704834 0.5709026455879211
v -21.59430503845215 8.704784393310547 0.7944952249526978
v -21.54564476013184 8.076034545898438 0.5709026455879211
v -21.51871871948242 7.728137493133545 0
v -20.96965789794922 2.560642242431641 0
v -20.89565086364746 -4.6919846534729 0
v -20.7187557220459 -1.089224934577942 0.3488037884235382
v -20.03679656982422 1.540477752685547 1.965424299240112
v -19.66151809692383 3.39172101020813 0
v -19.56736755371094 -2.440181255340576 1.931307911872864
v -19.23322105407715 2.535654067993164 1.403709292411804
v -19.04520988464356 0.06119954586029053 0.3549653887748718
v -18.68624877929688 -3.474022626876831 0
v -18.4723072052002 1.351296067237854 1.953468561172485
v -17.90493392944336 0.6724878549575806 1.403709292411804
v -17.83929824829102 4.370630264282227 0
v -17.74285507202148 7.795652389526367 0
v -17.72633361816406 8.128304481506348 0.5449277758598328
v -17.69647598266602 8.729500770568848 0.7583473920822144
v -17.66661834716797 9.330697059631348 0.5449277758598328
v -17.65009689331055 9.663348197937012 0
v -17.56853675842285 3.952589988708496 0.8148939609527588
v -17.11147689819336 0.3498669266700745 0
v -17.07919311523438 3.19707179069519 1.134045124053955
v -16.58985137939453 2.441553592681885 0.8148939609527588
v -16.48613166809082 -1.548302531242371 1.965424299240112
v -16.31908988952637 2.023513078689575 0
v -15.50296211242676 5.289295196533203 0
v -15.3654088973999 4.950302124023438 0.5985528230667114
v -15.13093280792236 -1.650692939758301 0
v -15.12727069854736 7.738614559173584 0
v -15.11681079864502 4.337645530700684 0.8329745531082153
v -15.09801292419434 8.051586151123047 0.5142902135848999
v -15.04513645172119 8.617214202880859 0.7157106995582581
v -14.99226093292236 9.182842254638672 0.5142902135848999
v -14.96300315856934 9.495813369750977 0
v -14.86821269989014 3.724989175796509 0.5985528230667114
v -14.73065948486328 3.385996341705322 0
v -13.3029956817627 5.832927703857422 0
v -13.25131702423096 5.521368026733398 0.5167126655578613
v -13.15791893005371 4.958291053771973 0.7190818786621094
v -13.12771987915039 7.631277561187744 0
v -13.09536075592041 7.926627159118652 0.4861184656620026
v -13.06452178955078 4.395214557647705 0.5167126059532166
v -13.03687763214111 8.460408210754395 0.6765055656433106
v -13.01284313201904 4.083654880523682 0
v -12.97839450836182 8.994189262390137 0.4861184656620026
v -12.94603443145752 9.289539337158203 0
v -11.4577522277832 6.063301086425781 0
v -11.40947914123535 5.775663375854492 0.4771901965141296
v -11.32223510742188 5.255820274353027 0.6640805602073669
v -11.2349910736084 4.735977649688721 0.4771901965141296
v -11.18671703338623 4.448339939117432 0
v -11.02657508850098 7.431571006774902 0
v -10.99430751800537 7.710001468658447 0.4585942327976227
v -10.93599128723145 8.213205337524414 0.6382015347480774
v -10.8776741027832 8.716408729553223 0.4585942327976227
v -10.8454065322876 8.994839668273926 0
v -9.211497306823731 6.076920509338379 0
v -9.207992553710938 5.805254936218262 0.4445133805274963
v -9.201658248901367 5.314278602600098 0.6186059713363648
v -9.195323944091797 4.823301792144775 0.4445133805274963
v -9.191819190979004 4.551636219024658 0
v -9.123052597045898 7.132246017456055 0
v -9.071074485778809 7.396188735961914 0.4401350915431976
v -8.977134704589844 7.873208045959473 0.6125128865242004
v -8.883193969726563 8.350227355957031 0.4401350915431976
v -8.831215858459473 8.614170074462891 0
v -7.487979412078857 6.755005359649658 0
v -7.406848430633545 7.002501487731934 0.4261342287063599
v -7.320763111114502 4.337706565856934 0
v -7.275599956512451 4.59859037399292 0.4331847429275513
v -7.260221481323242 7.449797630310059 0.5930286645889282
v -7.193976402282715 5.070081233978272 0.6028404831886292
v -7.11359453201294 7.897093772888184 0.4261342287063599
v -7.112353324890137 5.541571617126465 0.4331847429275513
v -7.067189693450928 5.802455425262451 0
v -7.032463550567627 8.144590377807617 0
v -5.811014175415039 6.208737373352051 0
v -5.715020179748535 6.435573577880859 0.4029947817325592
v -5.545544147491455 -7.080698490142822 0
v -5.541531562805176 6.845530986785889 0.5608266592025757
v -5.376221179962158 3.781318426132202 0
v -5.368043422698975 7.255488872528076 0.4029947817325592
v -5.291354656219482 4.025291442871094 0.4226288795471191
v -5.272049427032471 7.482324600219727 0
v -5.13797664642334 4.466220378875732 0.5881504416465759
v -4.984598159790039 4.907148838043213 0.4226288795471191
v -4.942971706390381 -8.290594100952148 0
v -4.899731636047363 5.151122093200684 0
v -4.130759239196777 5.407233715057373 0
v -4.033908843994141 3.095126390457153 0
v -4.021401405334473 5.610405445098877 0.3775065839290619
v -3.894475698471069 3.291888236999512 0.3945614993572235
v -3.823760747909546 5.977594375610352 0.5253560543060303
v -3.682202339172363 -6.418609619140625 0
v -3.642480611801148 3.647493124008179 0.549090564250946
v -3.626120328903198 6.344783782958984 0.3775065541267395
v -3.516762495040894 6.54795503616333 0
v -3.390485286712647 4.003098011016846 0.3945614993572235
v -3.251052379608154 4.199860095977783 0
v -2.995816946029663 2.317747592926025 0
v -2.917733669281006 -7.085186004638672 1.16206681728363
v -2.899062871932983 -1.802175641059876 0
v -2.887804985046387 4.555795192718506 0
v -2.840452432632446 2.485976219177246 0.3746638000011444
v -2.767886400222778 -0.8305537700653076 0
v -2.752610206604004 -2.725217342376709 0
v -2.747681379318237 4.740679740905762 0.3795540630817413
v -2.600250005722046 -8.291034698486328 1.035993814468384
v -2.559664249420166 2.790013313293457 0.5213999748229981
v -2.50005030632019 -6.044129848480225 0
v -2.494438171386719 5.07481861114502 0.5282054543495178
v -2.278876066207886 3.094050407409668 0.3746638000011444
v -2.2411949634552 5.408957481384277 0.3795540630817413
v -2.17280650138855 -9.407114982604981 0
v -2.142311096191406 1.425047874450684 0
v -2.123511552810669 3.262279033660889 0
v -2.111394882202148 -3.598081827163696 0
v -2.10107159614563 5.593842029571533 0
v -1.936705708503723 -6.418609619140625 0.7718900442123413
v -1.874365448951721 3.566314458847046 0
v -1.789309501647949 1.378005743026733 0.3916367292404175
v -1.704503297805786 3.700114965438843 0.3537787795066834
v -1.688705921173096 -5.049074172973633 0
v -1.65145480632782 -1.801977634429932 1.06093168258667
v -1.572214961051941 -0.5486652255058289 0
v -1.570929408073425 -0.9911894798278809 1.009332776069641
v -1.568027853965759 -2.725217342376709 1.007336378097534
v -1.397513866424561 3.941930532455444 0.4923353791236877
v -1.381679892539978 0.3267911970615387 0
v -1.314728140830994 -6.044267177581787 0.5241708755493164
v -1.205482959747315 1.913968563079834 0.3916367292404175
v -1.2027587890625 -3.598081827163696 0.772679328918457
v -1.195508360862732 2.172486066818237 0
v -1.167266488075256 -9.410667419433594 0.444670706987381
v -1.116204619407654 -4.191385269165039 0
v -1.109367370605469 -7.088274002075195 1.31993305683136
v -1.090524435043335 4.183746337890625 0.3537787795066834
v -1.087837815284729 -9.503009796142578 0.2223353534936905
v -1.028678297996521 0.2797490954399109 0.3916367292404175
v -1.00382137298584 -9.593058586120606 0
v -0.988071620464325 -8.291337966918945 1.176733016967773
v -0.9721346497535706 2.341444253921509 0
v -0.9547818899154663 1.384751439094544 0.5450202822685242
v -0.9206622242927551 4.317546367645264 0
v -0.8880614638328552 -5.049355506896973 0.3540594577789307
v -0.7370420098304749 2.244028806686401 0.3291876614093781
v -0.7355164885520935 -6.418609619140625 0.8767509460449219
v -0.6674911975860596 -4.191385269165039 0.5028775930404663
v -0.6280768513679504 -0.5486652255058289 0.8028692603111267
v -0.6271847486495972 -1.801944136619568 1.23997175693512
v -0.608610987663269 0.3193884193897247 0.5450202822685242
v -0.5964752435684204 -0.9913562536239624 1.179665088653565
v -0.5955011248588562 -2.725217342376709 1.177331805229187
v -0.4990312457084656 -6.044361591339111 0.5953792333602905
v -0.4752892851829529 -9.413112640380859 0.5050789713859558
v -0.4567802846431732 -3.598081827163696 0.9030746817588806
v -0.4190833866596222 -9.544240951538086 0.2525394856929779
v -0.3812283873558044 -9.657017707824707 0
v -0.3370861709117889 -5.049549102783203 0.402158260345459
v -0.3035804033279419 -0.5389560461044312 0.9383594393730164
v -0.2534978687763214 -4.191385269165039 0.6004152297973633
v 0 -9.666685104370117 0
v 0 -9.545234680175781 0.2710342109203339
v 0 -9.414608955383301 0.5420684218406677
v 0 -8.291523933410645 1.262910962104797
v 0 -7.090164661407471 1.416598200798035
v 0 -6.418609619140625 0.9409597516059876
v 0 -6.044419765472412 0.6389817595481873
v 0 -5.049667835235596 0.4316102862358093
v 0 -4.191385269165039 0.660139799118042
v 0 -3.598081827163696 0.9829188585281372
v 0 -2.725217342376709 1.281424045562744
v 0 -1.801923751831055 1.349602222442627
v 0 -0.9914584159851074 1.283963680267334
v 0 -0.558692216873169 1.021323204040527
v 0 0.3980351090431213 0.4581131637096405
v 0 1.594972729682922 0.4581131637096405
v 0 2.496074199676514 0.3291876316070557
v 0 2.870958566665649 0
v 0.2534978687763214 -4.191385269165039 0.6004152297973633
v 0.3035804033279419 -0.5389560461044312 0.9383594393730164
v 0.3370861709117889 -5.049549102783203 0.402158260345459
v 0.3812283873558044 -9.657017707824707 0
v 0.4190833866596222 -9.544240951538086 0.2525394856929779
v 0.4567802846431732 -3.598081827163696 0.9030746817588806
v 0.4752892851829529 -9.413112640380859 0.5050789713859558
v 0.4990312457084656 -6.044361591339111 0.5953792333602905
v 0.5955011248588562 -2.725217342376709 1.177331805229187
v 0.5964752435684204 -0.9913562536239624 1.179665088653565
v 0.608610987663269 0.3193884193897247 0.5450202822685242
v 0.6271847486495972 -1.801944136619568 1.23997175693512
v 0.6280768513679504 -0.5486652255058289 0.8028692603111267
v 0.6674911975860596 -4.191385269165039 0.5028775930404663
v 0.7355164885520935 -6.418609619140625 0.8767509460449219
v 0.7370420098304749 2.244028806686401 0.3291876614093781
v 0.8880614638328552 -5.049355506896973 0.3540594577789307
v 0.9206622242927551 4.317546367645264 0
v 0.9547818899154663 1.384751439094544 0.5450202822685242
v 0.9721346497535706 2.341444253921509 0
v 0.988071620464325 -8.291337966918945 1.176733016967773
v 1.00382137298584 -9.593058586120606 0
v 1.028678297996521 0.2797490954399109 0.3916367292404175
v 1.087837815284729 -9.503009796142578 0.2223353534936905
v 1.090524435043335 4.183746337890625 0.3537787795066834
v 1.109367370605469 -7.088274002075195 1.31993305683136
v 1.116204619407654 -4.191385269165039 0
v 1.167266488075256 -9.410667419433594 0.444670706987381
v 1.195508360862732 2.172486066818237 0
v 1.2027587890625 -3.598081827163696 0.772679328918457
v 1.205482959747315 1.913968563079834 0.3916367292404175
v 1.314728140830994 -6.044267177581787 0.5241708755493164
v 1.381679892539978 0.3267911970615387 0
v 1.397513866424561 3.941930532455444 0.4923353791236877
v 1.568027853965759 -2.725217342376709 1.007336378097534
v 1.570929408073425 -0.9911894798278809 1.009332776069641
v 1.572214961051941 -0.5486652255058289 0
v 1.65145480632782 -1.801977634429932 1.06093168258667
v 1.688705921173096 -5.049074172973633 0
v 1.704503297805786 3.700114965438843 0.3537787795066834
v 1.789309501647949 1.378005743026733 0.3916367292404175
v 1.874365448951721 3.566314458847046 0
v 1.936705708503723 -6.418609619140625 0.7718900442123413
v 2.10107159614563 5.593842029571533 0
v 2.111394882202148 -3.598081827163696 0
v 2.123511552810669 3.262279033660889 0
v 2.142311096191406 1.425047874450684 0
v 2.17280650138855 -9.407114982604981 0
v 2.2411949634552 5.408957481384277 0.3795540630817413
v 2.278876066207886 3.094050407409668 0.3746638000011444
v 2.494438171386719 5.07481861114502 0.5282054543495178
v 2.50005030632019 -6.044129848480225 0
v 2.559664249420166 2.790013313293457 0.5213999748229981
v 2.600250005722046 -8.291034698486328 1.035993814468384
v 2.747681379318237 4.740679740905762 0.3795540630817413
v 2.752610206604004 -2.725217342376709 0
v 2.767886400222778 -0.8305537700653076 0
v 2.840452432632446 2.485976219177246 0.3746638000011444
v 2.887804985046387 4.555795192718506 0
v 2.899062871932983 -1.802175641059876 0
v 2.917733669281006 -7.085186004638672 1.16206681728363
v 2.995816946029663 2.317747592926025 0
v 3.251052379608154 4.199860095977783 0
v 3.390485286712647 4.003098011016846 0.3945614993572235
v 3.516762495040894 6.54795503616333 0
v 3.626120328903198 6.344783782958984 0.3775065541267395
v 3.642480611801148 3.647493124008179 0.549090564250946
v 3.682202339172363 -6.418609619140625 0
v 3.823760747909546 5.977594375610352 0.5253560543060303
v 3.894475698471069 3.291888236999512 0.3945614993572235
v 4.021401405334473 5.610405445098877 0.3775065839290619
v 4.033908843994141 3.095126390457153 0
v 4.130759239196777 5.407233715057373 0
v 4.899731636047363 5.151122093200684 0
v 4.942971706390381 -8.290594100952148 0
v 4.984598159790039 4.907148838043213 0.4226288795471191
v 5.13797664642334 4.466220378875732 0.5881504416465759
v 5.272049427032471 7.482324600219727 0
v 5.291354656219482 4.025291442871094 0.4226288795471191
v 5.368043422698975 7.255488872528076 0.4029947817325592
v 5.376221179962158 3.781318426132202 0
v 5.541531562805176 6.845530986785889 0.5608266592025757
v 5.545544147491455 -7.080698490142822 0
v 5.715020179748535 6.435573577880859 0.4029947817325592
v 5.811014175415039 6.208737373352051 0
v 7.032463550567627 8.144590377807617 0
v 7.067189693450928 5.802455425262451 0
v 7.112353324890137 5.541571617126465 0.4331847429275513
v 7.11359453201294 7.897093772888184 0.4261342287063599
v 7.193976402282715 5.070081233978272 0.6028404831886292
v 7.260221481323242 7.449797630310059 0.5930286645889282
v 7.275599956512451 4.59859037399292 0.4331847429275513
v 7.320763111114502 4.337706565856934 0
v 7.406848430633545 7.002501487731934 0.4261342287063599
v 7.487979412078857 6.755005359649658 0
v 8.831215858459473 8.614170074462891 0
v 8.883193969726563 8.350227355957031 0.4401350915431976
v 8.977134704589844 7.873208045959473 0.6125128865242004
v 9.071074485778809 7.396188735961914 0.4401350915431976
v 9.123052597045898 7.132246017456055 0
v 9.191819190979004 4.551636219024658 0
v 9.195323944091797 4.823301792144775 0.4445133805274963
v 9.201658248901367 5.314278602600098 0.6186059713363648
v 9.207992553710938 5.805254936218262 0.4445133805274963
v 9.211497306823731 6.076920509338379 0
v 10.8454065322876 8.994839668273926 0
v 10.8776741027832 8.716408729553223 0.4585942327976227
v 10.93599128723145 8.213205337524414 0.6382015347480774
v 10.99430751800537 7.710001468658447 0.4585942327976227
v 11.02657508850098 7.431571006774902 0
v 11.18671703338623 4.448339939117432 0
v 11.2349910736084 4.735977649688721 0.4771901965141296
v 11.32223510742188 5.255820274353027 0.6640805602073669
v 11.40947914123535 5.775663375854492 0.4771901965141296
v 11.4577522277832 6.063301086425781 0
v 12.94603443145752 9.289539337158203 0
v 12.97839450836182 8.994189262390137 0.4861184656620026
v 13.01284313201904 4.083654880523682 0
v 13.03687763214111 8.460408210754395 0.6765055656433106
v 13.06452178955078 4.395214557647705 0.5167126059532166
v 13.09536075592041 7.926627159118652 0.4861184656620026
v 13.12771987915039 7.631277561187744 0
v 13.15791893005371 4.958291053771973 0.7190818786621094
v 13.25131702423096 5.521368026733398 0.5167126655578613
v 13.3029956817627 5.832927703857422 0
v 14.73065948486328 3.385996341705322 0
v 14.86821269989014 3.724989175796509 0.5985528230667114
v 14.96300315856934 9.495813369750977 0
v 14.99226093292236 9.182842254638672 0.5142902135848999
v 15.04513645172119 8.617214202880859 0.7157106995582581
v 15.09801292419434 8.051586151123047 0.5142902135848999
v 15.11681079864502 4.337645530700684 0.8329745531082153
v 15.12727069854736 7.738614559173584 0
v 15.13093280792236 -1.650692939758301 0
v 15.3654088973999 4.950302124023438 0.5985528230667114
v 15.50296211242676 5.289295196533203 0
v 16.31908988952637 2.023513078689575 0
v 16.48613166809082 -1.548302531242371 1.965424299240112
v 16.58985137939453 2.441553592681885 0.8148939609527588
v 17.07919311523438 3.19707179069519 1.134045124053955
v 17.11147689819336 0.3498669266700745 0
v 17.56853675842285 3.952589988708496 0.8148939609527588
v 17.65009689331055 9.663348197937012 0
v 17.66661834716797 9.330697059631348 0.5449277758598328
v 17.69647598266602 8.729500770568848 0.7583473920822144
v 17.72633361816406 8.128304481506348 0.5449277758598328
v 17.74285507202148 7.795652389526367 0
v 17.83929824829102 4.370630264282227 0
v 17.90493392944336 0.6724878549575806 1.403709292411804
v 18.4723072052002 1.351296067237854 1.953468561172485
v 18.68624877929688 -3.474022626876831 0
v 19.04520988464356 0.06119954586029053 0.3549653887748718
v 19.23322105407715 2.535654067993164 1.403709292411804
v 19.56736755371094 -2.440181255340576 1.931307911872864
v 19.66151809692383 3.39172101020813 0
v 20.03679656982422 1.540477752685547 1.965424299240112
v 20.7187557220459 -1.089224934577942 0.3488037884235382
v 20.89565086364746 -4.6919846534729 0
v 20.96965789794922 2.560642242431641 0
v 21.51871871948242 7.728137493133545 0
v 21.54564476013184 8.076034545898438 0.5709026455879211
v 21.59430503845215 8.704784393310547 0.7944952249526978
v 21.64296722412109 9.33353328704834 0.5709026455879211
v 21.65203475952148 -3.665274143218994 1.813108801841736
v 21.66989326477051 9.681430816650391 0
v 21.87014389038086 0.2617313861846924 1.931307911872864
v 22.64042663574219 -2.323636054992676 0.3274564445018768
v 22.75126075744629 1.295572876930237 0
v 23.30560493469238 -5.76102876663208 0
v 23.62882041931152 -0.9819977879524231 1.813108801841736
v 23.93995475769043 -4.806906223297119 1.629000782966614
v 24.38520431518555 0.04471280798316002 0
v 24.76888465881348 -3.560121536254883 0.2942056059837341
v 25.5122241973877 7.445755004882813 0
v 25.51237297058106 -6.549008369445801 0
v 25.5623779296875 7.797513008117676 0.5813374519348145
v 25.59781265258789 -2.313336610794067 1.629000782966614
v 25.65301704406738 8.433239936828613 0.809016764163971
v 25.7436580657959 9.068966865539551 0.5813374519348145
v 25.79380989074707 9.420724868774414 0
v 26.10575866699219 -5.748410224914551 1.439145922660828
v 26.23216438293457 -1.359214186668396 0
v 26.84090614318848 -4.652035713195801 0.2599169015884399
v 27.48498725891113 -3.468908786773682 1.439145922660828
v 28.03089141845703 -2.616514682769775 0
v 28.41234588623047 -7.385064601898193 0
v 28.75637054443359 -6.617244720458984 1.19623339176178
v 29.20591926574707 -5.613908290863037 0.2160456776618958
v 29.65546798706055 -4.61057186126709 1.19623339176178
v 29.99949264526367 -3.84275221824646 0
v 30.17960929870606 7.228738784790039 0.5861830115318298
v 30.23939895629883 7.873480796813965 0.8157601356506348
v 30.2991886138916 8.518222808837891 0.5861830115318298
v 30.33227157592773 8.874969482421875 0
v 32.02941131591797 -8.210948944091797 0
v 32.18016815185547 -7.695940017700195 0.8779747486114502
v 32.45262908935547 -6.765172004699707 1.221831321716309
v 32.72509384155273 -5.834403991699219 0.8779747486114502
v 32.87585067749023 -5.319395065307617 0
v 33.69823837280273 6.602090358734131 0.6016095280647278
v 34.01740646362305 4.546072959899902 0
v 34.21698760986328 7.267412662506104 0.8372284173965454
v 34.24708938598633 4.770874500274658 0.5258254408836365
v 34.27277755737305 7.929615497589111 0.6016095280647278
v 34.30364990234375 8.296023368835449 0
v 34.66218566894531 5.177154541015625 0.7317636609077454
v 34.7416877746582 6.15587043762207 0
v 35.07728576660156 5.58343505859375 0.5258254408836365
v 35.30696868896484 5.808236122131348 0
v 35.56375503540039 -8.843605041503906 0
v 35.66405868530273 -8.419782638549805 0.7125787138938904
v 35.8453369140625 -7.65381383895874 0.9916584491729736
v 36.02661895751953 -6.887845516204834 0.7125787138938904
v 36.12692260742188 -6.464023113250732 0
v 37.44807434082031 3.331676959991455 0
v 37.57728958129883 3.631854295730591 0.5346944332122803
v 37.81081771850586 4.174359798431397 0.7441061735153198
v 38.04434585571289 4.716865539550781 0.5346944332122803
v 38.17355728149414 5.017042636871338 0
v 38.29941940307617 5.555107116699219 0
v 38.34656143188477 5.937510967254639 0.6303945183753967
v 38.43176651000977 6.628623962402344 0.8772869110107422
v 38.51697158813477 7.319736957550049 0.6303945183753967
v 38.56411743164063 7.702140808105469 0
v 39.87141036987305 -9.394003868103027 0
v 39.91538238525391 -9.020822525024414 0.6147934794425964
v 39.99485778808594 -8.346376419067383 0.8555758595466614
v 40.07433319091797 -7.67193078994751 0.6147934794425964
v 40.11830520629883 -7.298748970031738 0
v 40.89936828613281 2.239217281341553 0
v 40.98512649536133 2.579332113265991 0.5738837122917175
v 41.14011383056641 3.194016218185425 0.7986438274383545
v 41.29510116577148 3.808700323104858 0.5738837122917175
v 41.38085556030273 4.148815155029297 0
v 41.93590927124023 5.056370258331299 0
v 41.9439811706543 5.469630241394043 0.6762704849243164
v 41.95856857299805 6.216508388519287 0.9411301612854004
v 41.97315979003906 6.96338701248169 0.6762704849243164
v 41.98123168945313 7.376646518707275 0
v 43.57424545288086 -9.660511016845703 0
v 43.60195922851563 -9.313947677612305 0.5688291192054749
v 43.65204238891602 -8.687607765197754 0.7916095852851868
v 43.70212554931641 -8.061267852783203 0.5688291192054749
v 43.72983932495117 -7.714703559875488 0
v 44.27687835693359 1.340734839439392 0
v 44.32822036743164 1.721422076225281 0.6284886002540588
v 44.42101669311523 2.409432411193848 0.8746345639228821
v 44.51381301879883 3.097442626953125 0.6284886002540588
v 44.56515884399414 3.478130102157593 0
v 44.69877624511719 7.31614351272583 0
v 44.72417068481445 6.868777275085449 0.7331216931343079
v 44.77006530761719 6.060259342193604 1.020246982574463
v 44.81595993041992 5.251741409301758 0.7331216931343079
v 44.84135437011719 4.804375171661377 0
v 46.98629760742188 -7.83689546585083 0
v 47.01311874389648 -8.176007270812988 0.5565600991249085
v 47.06159210205078 -8.788880348205566 0.7745354771614075
v 47.11006927490234 -9.401752471923828 0.5565600991249085
v 47.13689041137695 -9.740864753723145 0
v 47.80772399902344 0.6641873121261597 0
v 47.82704544067383 1.099666476249695 0.7131957411766052
v 47.86196517944336 1.886701345443726 0.9925171136856079
v 47.89688491821289 2.673736095428467 0.7131957411766052
v 47.91620635986328 3.109215259552002 0
v 48.06132125854492 7.565452575683594 0
v 48.12189865112305 7.069313526153565 0.8177698254585266
v 48.23138046264648 6.172649383544922 1.138047337532044
v 48.34086227416992 5.275984764099121 0.8177698254585266
v 48.40143966674805 4.779845714569092 0
v 50.46414566040039 -7.717179298400879 0
v 50.49093246459961 -8.064720153808594 0.5703042149543762
v 50.53934860229492 -8.692825317382813 0.793662428855896
v 50.58776092529297 -9.320931434631348 0.5703041553497315
v 50.61454772949219 -9.668472290039063 0
v 51.0074577331543 3.259122133255005 0
v 51.091552734375 2.781877279281616 0.7928582429885864
v 51.2435417175293 1.919360160827637 1.103379249572754
v 51.39552688598633 1.056843042373657 0.7928582429885864
v 51.4796257019043 0.5795983076095581 0
v 51.96187591552734 8.222744941711426 0
v 52.06460189819336 7.710911273956299 0.8541202545166016
v 52.25026321411133 6.785881996154785 1.188634276390076
v 52.43592071533203 5.860852718353272 0.8541202545166016
v 52.53865051269531 5.349018573760986 0
v 53.65583419799805 3.957541465759277 0
v 53.76380157470703 -7.426986217498779 0
v 53.79150390625 -7.789003849029541 0.5940345525741577
v 53.84156799316406 -8.443272590637207 0.8266866803169251
v 53.85454940795898 3.492873191833496 0.8268535137176514
v 53.89163208007813 -9.097541809082031 0.5940345525741577
v 53.91933059692383 -9.459559440612793 0
v 54.21368408203125 2.653085470199585 1.150688648223877
v 54.57281875610352 1.813297629356384 0.8268535137176514
v 54.77153396606445 1.348629355430603 0
v 55.63860321044922 9.055028915405273 0
v 55.72485733032227 8.559711456298828 0.8225940465927124
v 55.88075256347656 7.664531707763672 1.144760966300964
v 55.97585678100586 -6.20526647567749 0
v 56.03664398193359 6.769351959228516 0.8225940465927124
v 56.12290191650391 6.27403450012207 0
v 56.30405044555664 5.004989624023438 0
v 56.53419494628906 -6.322394847869873 0.6684663891792297
v 56.66305923461914 4.636237144470215 0.8420282006263733
v 57.3118896484375 3.969796419143677 1.171806454658508
v 57.83549880981445 -7.381631374359131 0.603937029838562
v 57.92365646362305 -8.042901039123535 0.8404675126075745
v 57.96072006225586 3.303355693817139 0.8420282006263733
v 58.01181411743164 -8.704170227050781 0.603937029838562
v 58.06059265136719 -9.070061683654785 0
v 58.31972503662109 2.934603214263916 0
v 58.38136291503906 -4.735807418823242 0
v 58.86849594116211 -5.859354496002197 0.8055583834648132
v 58.96683883666992 6.360101699829102 0
v 59.06830215454102 9.671525955200195 0
v 59.25859451293945 9.175525665283203 0.8084959387779236
v 59.36230850219727 6.912677764892578 0
v 59.55507278442383 8.336723327636719 1.125141382217407
v 59.64463424682617 6.25974702835083 0.9729532599449158
v 59.78633499145508 -4.637091159820557 0.7111291289329529
v 60.13019180297852 7.390720844268799 0.8084959387779236
v 60.17518997192383 1.268524050712585 0
v 60.18723678588867 1.56001353263855 0
v 60.45208740234375 2.014430522918701 0
v 60.45733261108398 1.260839343070984 0.2251718640327454
v 60.52497863769531 1.647558689117432 0.3133598566055298
v 60.63180541992188 0.9338546395301819 0
v 60.69999694824219 1.200524806976318 0.4503437280654907
v 60.71902465820313 2.079558610916138 0.2251718640327454
v 60.73807525634766 -2.964374542236328 0
v 60.76510238647461 5.889093399047852 1.354007959365845
v 60.82324600219727 1.68247377872467 0.6267197132110596
v 60.94649124145508 2.164422750473023 0.4503437280654907
v 61.01468276977539 2.431092977523804 0
v 61.26084518432617 0.4499622583389282 0
v 61.28616714477539 -4.462855815887451 0.8718940615653992
v 61.39450454711914 5.080708980560303 0.9729532599449158
v 61.44922256469727 1.017088055610657 0.8496400713920593
v 61.46003341674805 -6.558482646942139 0.6224051713943481
v 61.65349960327148 -1.352200984954834 0
v 61.67950057983398 -0.1443193256855011 0
v 61.69537734985352 1.758170962333679 0.1534492075443268
v 61.76675415039063 -3.0936119556427 1.105448722839356
v 61.79301834106445 -0.6809151768684387 0
v 61.92058944702148 4.803458213806152 0
v 62.00586318969727 -6.00685453414917 0
v 62.03884124755859 -7.062737464904785 0.8661685585975647
v 62.15703964233398 -5.220847606658936 0.6684663891792297
v 62.18217849731445 3.010632276535034 0.8496400713920593
v 62.20827865600586 -7.729052066802979 0.6224051713943481
v 62.2505989074707 7.319714069366455 0.8651834726333618
v 62.30202865600586 -8.097735404968262 0
v 62.37055206298828 3.577758073806763 0
v 62.44596481323242 8.255228996276856 1.204030394554138
v 62.56584548950195 -5.333433151245117 0
v 62.62715148925781 0.5559905171394348 1.256397247314453
v 62.64133453369141 9.190744400024414 0.8651834726333618
v 62.74943542480469 9.708380699157715 0
v 62.81052780151367 -1.439892172813416 1.237212419509888
v 62.88503265380859 -4.350516319274902 0.7111291885375977
v 62.89821243286133 -3.177039861679077 0.2007675766944885
v 63.04656982421875 -0.3418551087379456 1.384623289108276
v 63.78352737426758 1.410546183586121 0.228182315826416
v 63.78807067871094 -5.292159557342529 0
v 63.96162033081055 -5.673996925354004 0.6862297058105469
v 64.15346527099609 -3.334742069244385 1.105448722839356
v 64.22238922119141 -1.546897649765015 0.2246980518102646
v 64.2752685546875 -6.364085197448731 0.9549899101257324
v 64.29000854492188 -4.251800060272217 0
v 64.57621765136719 0.07188412547111511 0.2514702677726746
v 64.58891296386719 -7.054172992706299 0.6862297058105469
v 64.76246643066406 -7.436010360717773 0
v 65.18214416503906 -3.463979482650757 0
v 65.35100555419922 2.826615333557129 1.256397247314453
v 65.75586700439453 5.677708625793457 0
v 65.81674194335938 6.201176166534424 0.689160168170929
v 65.89636993408203 -4.158810615539551 0
v 65.93506622314453 -1.643876194953919 1.237212419509888
v 65.99257659912109 7.127086162567139 0.9590680599212647
v 66.15965270996094 -4.588765621185303 0.8248676061630249
v 66.20187377929688 7.8590087890625 0.689160168170929
v 66.29866027832031 3.526925325393677 0
v 66.31768035888672 8.263993263244629 0
v 66.47686767578125 0.435488224029541 1.384623289108276
v 66.48477935791016 3.610933780670166 0
v 66.63548278808594 -5.365817546844482 1.147925019264221
v 67.09209442138672 -1.7315673828125 0
v 67.11130523681641 -6.142868995666504 0.8248676061630249
v 67.34423065185547 5.527445793151856 0
v 67.37458801269531 -6.572824001312256 0
v 67.45033264160156 5.765125751495361 0.4258594810962677
v 67.64208984375 6.194681167602539 0.5926463007926941
v 67.73042297363281 0.7745482325553894 0
v 67.75646209716797 -2.757603406906128 0
v 67.83383941650391 6.624236583709717 0.4258594810962677
v 67.88510131835938 5.592453002929688 0.2129297405481339
v 67.93994140625 6.861916542053223 0
v 68.15388488769531 5.870189666748047 0.2963231503963471
v 68.25110626220703 -3.337450742721558 1.083622574806213
v 68.25369262695313 6.22962236404419 0.2129297405481339
v 68.31986236572266 5.419780254364014 0
v 68.43006134033203 3.527804613113403 1.122535586357117
v 68.66567993164063 5.545698165893555 0
v 68.67355346679688 5.835008144378662 0
v 68.89746856689453 -4.095157623291016 0.1957076042890549
v 68.94590759277344 -1.488439202308655 0
v 69.11473846435547 2.616047143936157 0
v 69.47195434570313 4.70358943939209 0
v 69.54383087158203 -4.852864265441895 1.083622574806213
v 69.71987915039063 -2.049272060394287 1.35894250869751
v 69.73275756835938 -0.2789102792739868 0
v 69.81970977783203 4.420334815979004 1.020595788955689
v 69.87334442138672 1.434488773345947 0
v 70.03847503662109 -5.432711601257324 0
v 70.09842681884766 4.847126483917236 0
v 70.22222137451172 4.637020111083984 0.4449377954006195
v 70.40802001953125 2.647578954696655 1.874754905700684
v 70.73126220703125 -2.782131433486939 0.2454317659139633
v 70.96926116943359 -0.7265461087226868 1.54919159412384
v 71.22822570800781 5.011876106262207 0
v 71.35572052001953 4.798136711120606 0.6828614473342896
v 71.37745666503906 1.117162585258484 1.927602410316467
v 71.52381896972656 4.486934661865234 1.496443152427673
v 71.74263763427734 -3.514991044998169 1.35894250869751
v 72.151123046875 3.331789255142212 1.981021404266357
v 72.39012145996094 -1.189658880233765 0.3376744091510773
v 72.51661682128906 -4.075823783874512 0
v 72.59074401855469 4.679708480834961 0.4449377954006195
v 72.60704040527344 4.91582727432251 0
v 73.35028839111328 0.7507368326187134 0.4557140171527863
v 73.40369415283203 4.407609939575195 1.020595788955689
v 73.43536376953125 2.035112619400024 2.100121259689331
v 73.88578796386719 4.691588401794434 0
v 74.14345550537109 -1.789882779121399 1.673196792602539
v 74.96637725830078 3.529809236526489 1.636304259300232
v 75.37995910644531 -2.237518548965454 0
v 75.58726501464844 0.1390319466590881 1.762525916099548
v 76.91165924072266 3.446680068969727 0
v 77.17377471923828 1.869296789169312 1.27717399597168
v 77.29914093017578 -0.3290852606296539 0
v 79.03864288330078 1.529721736907959 0
 -0.9701188802719116
 -0.9999936819076538
 -0.9037198424339294
 -0.9998611211776733
 -0.9999529719352722
 -0.9999999403953552
 -0.9999663233757019
 -0.9997393488883972
 -0.9999324083328247
 -0.9999802112579346
 -0.9999969601631165
 -0.9999797344207764
 -0.9999196529388428
 -0.999954104423523
 -0.9975864887237549
 -0.9998173713684082
 -0.9999605417251587
 -0.9994585514068604
 -0.9996078610420227
 -0.9999752640724182
 -0.9998986721038818
 -0.9999999403953552
 -0.9999700784683228
 -0.9999778270721436
 -0.9999840259552002
 -0.9060900211334229
 -0.9929904341697693
 -0.9998286366462708
 -0.9999529719352722
 -0.9999999403953552
 -0.9997393488883972
 -0.9999324083328247
 -0.9999802112579346
 -0.9999969601631165
 -0.9999797344207764
 -0.999954104423523
 -0.9994585514068604
 -0.9985687136650085
 -0.9999364614486694
 -0.9999700784683228
 -0.9999778270721436
 -0.9999840259552002
g object_5
v -42.29961395263672 -5.331037044525147 0
v -42.11383438110352 -4.731960296630859 0
v -42.04832458496094 -5.220829963684082 0.3210990428924561
v -41.91762161254883 -4.764732837677002 0.2307330220937729
v -41.89723968505859 -4.22746467590332 0
v -41.76049423217773 -5.55769157409668 0
v -41.71007919311523 -4.505817413330078 0.4614660441875458
v -41.69055557250977 -5.339207172393799 0.2307330220937729
v -41.53083419799805 -4.929379463195801 0.6421980857849121
v -41.36100006103516 -3.338436126708984 0
v -41.28577041625977 -5.408786773681641 0.4614660441875458
v -41.17056274414063 -3.752615928649902 0.745843768119812
v -41.15525054931641 -5.658820152282715 0
v -40.82639312744141 -4.501156806945801 0.9286367297172546
v -40.57482528686523 -2.427356719970703 0
v -40.48222351074219 -5.249697685241699 0.745843768119812
v -40.29425430297852 -3.122251272201538 1.065475106239319
v -40.29179000854492 -5.663877487182617 0
v -39.92761993408203 -4.030293941497803 0.1924300789833069
v -39.56098937988281 -4.975638389587402 1.065475106239319
v -39.28041458129883 -5.670533180236816 0
v -39.21852874755859 -1.265174388885498 0
v -38.81829833984375 -2.158520221710205 1.321099758148193
v -38.29530334472656 -3.325885772705078 0.2513619065284729
v -37.72625732421875 -4.585353851318359 1.339191198348999
v -37.69710922241211 -0.2286302447319031 0
v -37.32602310180664 -5.478699684143066 0
v -37.18623733520508 -1.222303152084351 1.373407244682312
v -36.963623046875 0.1911754459142685 0
v -36.51865768432617 -2.520769834518433 0.2869015336036682
v -36.47773361206055 0.4692684412002564 0
v -36.46930313110352 -0.7013474106788635 1.311657547950745
v -35.99667739868164 0.7154520750045776 0
v -35.99438095092773 -0.3562493324279785 1.23114812374115
v -35.84130096435547 -1.85335373878479 0.8479360938072205
v -35.83792495727539 -3.871866464614868 1.535972118377686
v -35.63996505737305 0.07519740611314774 0.967377245426178
v -35.39259719848633 -1.411235451698303 1.34495997428894
v -35.32704925537109 -4.865539073944092 0
v -35.32069778442383 1.050976514816284 0
v -35.14147186279297 -0.7489273548126221 1.142174005508423
v -35.09061813354492 0.5959849953651428 0.7165376543998718
v -34.95962905883789 -2.964323282241821 1.414395809173584
v -34.84535980224609 0.1310491263866425 0.907289445400238
v -34.61861419677734 -1.337517142295837 0.9966830611228943
v -34.47436141967773 -2.799303770065308 1.191868782043457
v -34.37268829345703 -0.3907400071620941 0.7165376543998718
v -34.28626251220703 -1.498580098152161 0
v -34.20091247558594 1.576167225837708 0
v -34.11893081665039 -2.813525438308716 0
v -34.05753326416016 1.314732670783997 0.487842321395874
v -34.02890014648438 -0.6670498847961426 0
v -33.79840469360352 0.8422459959983826 0.6789045333862305
v -33.53927612304688 0.3697592914104462 0.487842321395874
v -33.39589691162109 0.1083246916532517 0
v -32.76538467407227 2.191151857376099 0
v -32.6479377746582 2.002212285995483 0.3639829158782959
v -32.43567657470703 1.660745143890381 0.5065359473228455
v -32.22341918945313 1.319277882575989 0.3639829158782959
v -32.10597229003906 1.130338549613953 0
v -32.07999038696289 -3.40876579284668 0
v -30.88803482055664 2.901445865631104 0
v -30.81525230407715 2.733423233032227 0.2995887994766235
v -30.6837100982666 2.429758548736572 0.416922003030777
v -30.55216789245606 2.126093864440918 0.2995887994766235
v -30.47938346862793 1.958071231842041 0
v -29.42177391052246 3.423938751220703 0
v -29.38011360168457 3.250660419464111 0.2915822565555573
v -29.3048210144043 2.864076614379883 0.4057797491550446
v -29.22953033447266 2.550913333892822 0.2915822863578796
v -29.18787002563477 2.377634763717651 0
v -28.11661338806152 3.532108783721924 0
v -28.0863037109375 3.392617702484131 0.2335493415594101
v -28.01429748535156 3.095388650894165 0.3250183761119843
v -27.93228149414063 2.790320158004761 0.2335493415594101
v -27.9019718170166 2.650829076766968 0
v -27.72454833984375 2.952704191207886 0.1167746707797051
v -27.72228622436523 3.331638813018799 0.1167746707797051
v -27.68509674072266 3.397520542144775 0
v -27.63691139221191 2.885008096694946 0
v -27.55991744995117 3.179163932800293 0.1625091880559921
v -27.45774650573731 3.202789068222046 0
v 27.45774650573731 3.202789068222046 0
v 27.55991744995117 3.179163932800293 0.1625091880559921
v 27.63691139221191 2.885008096694946 0
v 27.68509674072266 3.397520542144775 0
v 27.72228622436523 3.331638813018799 0.1167746707797051
v 27.72454833984375 2.952704191207886 0.1167746707797051
v 27.9019718170166 2.650829076766968 0
v 27.93228149414063 2.790320158004761 0.2335493415594101
v 28.01429748535156 3.095388650894165 0.3250183761119843
v 28.0863037109375 3.392617702484131 0.2335493415594101
v 28.11661338806152 3.532108783721924 0
v 29.18787002563477 2.377634763717651 0
v 29.22953033447266 2.550913333892822 0.2915822863578796
v 29.3048210144043 2.864076614379883 0.4057797491550446
v 29.38011360168457 3.250660419464111 0.2915822565555573
v 29.42177391052246 3.423938751220703 0
v 30.47938346862793 1.958071231842041 0
v 30.55216789245606 2.126093864440918 0.2995887994766235
v 30.6837100982666 2.429758548736572 0.416922003030777
v 30.81525230407715 2.733423233032227 0.2995887994766235
v 30.88803482055664 2.901445865631104 0
v 32.07999038696289 -3.40876579284668 0
v 32.10597229003906 1.130338549613953 0
v 32.22341918945313 1.319277882575989 0.3639829158782959
v 32.43567657470703 1.660745143890381 0.5065359473228455
v 32.6479377746582 2.002212285995483 0.3639829158782959
v 32.76538467407227 2.191151857376099 0
v 33.39589691162109 0.1083246916532517 0
v 33.53927612304688 0.3697592914104462 0.487842321395874
v 33.79840469360352 0.8422459959983826 0.6789045333862305
v 34.02890014648438 -0.6670498847961426 0
v 34.05753326416016 1.314732670783997 0.487842321395874
v 34.11893081665039 -2.813525438308716 0
v 34.20091247558594 1.576167225837708 0
v 34.28626251220703 -1.498580098152161 0
v 34.37268829345703 -0.3907400071620941 0.7165376543998718
v 34.47436141967773 -2.799303770065308 1.191868782043457
v 34.61861419677734 -1.337517142295837 0.9966830611228943
v 34.84535980224609 0.1310491263866425 0.907289445400238
v 34.95962905883789 -2.964323282241821 1.414395809173584
v 35.09061813354492 0.5959849953651428 0.7165376543998718
v 35.14147186279297 -0.7489273548126221 1.142174005508423
v 35.32069778442383 1.050976514816284 0
v 35.32704925537109 -4.865539073944092 0
v 35.39259719848633 -1.411235451698303 1.34495997428894
v 35.63996505737305 0.07519740611314774 0.967377245426178
v 35.83792495727539 -3.871866464614868 1.535972118377686
v 35.84130096435547 -1.85335373878479 0.8479360938072205
v 35.99438095092773 -0.3562493324279785 1.23114812374115
v 35.99667739868164 0.7154520750045776 0
v 36.46930313110352 -0.7013474106788635 1.311657547950745
v 36.47773361206055 0.4692684412002564 0
v 36.51865768432617 -2.520769834518433 0.2869015336036682
v 36.963623046875 0.1911754459142685 0
v 37.18623733520508 -1.222303152084351 1.373407244682312
v 37.32602310180664 -5.478699684143066 0
v 37.69710922241211 -0.2286302447319031 0
v 37.72625732421875 -4.585353851318359 1.339191198348999
v 38.29530334472656 -3.325885772705078 0.2513619065284729
v 38.81829833984375 -2.158520221710205 1.321099758148193
v 39.21852874755859 -1.265174388885498 0
v 39.28041458129883 -5.670533180236816 0
v 39.56098937988281 -4.975638389587402 1.065475106239319
v 39.92761993408203 -4.030293941497803 0.1924300789833069
v 40.29179000854492 -5.663877487182617 0
v 40.29425430297852 -3.122251272201538 1.065475106239319
v 40.48222351074219 -5.249697685241699 0.745843768119812
v 40.57482528686523 -2.427356719970703 0
v 40.82639312744141 -4.501156806945801 0.9286367297172546
v 41.15525054931641 -5.658820152282715 0
v 41.17056274414063 -3.752615928649902 0.745843768119812
v 41.28577041625977 -5.408786773681641 0.4614660441875458
v 41.36100006103516 -3.338436126708984 0
v 41.53083419799805 -4.929379463195801 0.6421980857849121
v 41.69055557250977 -5.339207172393799 0.2307330220937729
v 41.71007919311523 -4.505817413330078 0.4614660441875458
v 41.76049423217773 -5.55769157409668 0
v 41.89723968505859 -4.22746467590332 0
v 41.91762161254883 -4.764732837677002 0.2307330220937729
v 42.04832458496094 -5.220829963684082 0.3210990428924561
v 42.11383438110352 -4.731960296630859 0
v 42.29961395263672 -5.331037044525147 0
 0.9999380111694336
