
v -4.637430191040039 -2.866090059280396 2.775559877668607e-17
v -4.637430191040039 2.866080045700073 0
v -4.626989841461182 -2.740319967269898 -0.07373840361833572
v -4.626989841461182 -2.740319967269898 0.07373840361833572
v -4.626989841461182 2.740309953689575 -0.07373840361833572
v -4.626989841461182 2.740309953689575 0.07373840361833572
v -4.602499961853027 -2.668999910354614 2.171099961151197e-17
v -4.602499961853027 2.668989896774292 0
v -4.55325984954834 -2.859630107879639 -0.1193109974265099
v -4.55325984954834 -2.859630107879639 0.1193109974265099
v -4.553249835968018 2.859620094299316 -0.1193109974265099
v -4.553249835968018 2.859620094299316 0.1193109974265099
v -4.548270225524902 -2.756750106811523 -0.1419820040464401
v -4.548270225524902 -2.756750106811523 0.1419820040464401
v -4.54826021194458 2.756740093231201 -0.1419820040464401
v -4.54826021194458 2.756740093231201 0.1419820040464401
v -4.50767993927002 -2.933370113372803 2.775559877668607e-17
v -4.50767993927002 2.933360099792481 -1.734719960459204e-18
v -4.497849941253662 -2.521300077438355 1.41553002858811e-17
v -4.497849941253662 2.521290063858032 0
v -4.473710060119629 -2.560359954833984 -0.1264089941978455
v -4.473710060119629 -2.560359954833984 0.1264089941978455
v -4.473710060119629 2.560359954833984 -0.1264089941978455
v -4.473710060119629 2.560359954833984 0.1264089941978455
v -4.460519790649414 -2.898730039596558 -0.08774950355291367
v -4.460519790649414 -2.898730039596558 0.08774950355291367
v -4.460519790649414 2.898720026016235 -0.08774950355291367
v -4.460519790649414 2.898720026016235 0.08774950355291367
v -4.417970180511475 -2.650559902191162 -0.2091439962387085
v -4.417970180511475 -2.650559902191162 0.2091439962387085
v -4.417960166931152 2.65054988861084 -0.2091439962387085
v -4.417960166931152 2.65054988861084 0.2091439962387085
v -4.347300052642822 -2.764899969100952 -0.2045339941978455
v -4.347300052642822 -2.764899969100952 0.2045339941978455
v -4.347300052642822 2.76488995552063 -0.2045339941978455
v -4.347300052642822 2.76488995552063 0.2045339941978455
v -4.290830135345459 -2.285640001296997 8.743010388651722e-18
v -4.290820121765137 2.285629987716675 0
v -4.288710117340088 -2.859699964523315 -0.129259005188942
v -4.288710117340088 -2.859699964523315 0.129259005188942
v -4.288700103759766 2.859699964523315 -0.129259005188942
v -4.288700103759766 2.859699964523315 0.129259005188942
v -4.269179821014404 -2.891309976577759 2.775559877668607e-17
v -4.269169807434082 2.891299962997437 -6.938890181594472e-18
v -4.256629943847656 -2.340980052947998 -0.179078996181488
v -4.256629943847656 -2.340980052947998 0.179078996181488
v -4.256619930267334 2.340970039367676 -0.179078996181488
v -4.256619930267334 2.340970039367676 0.179078996181488
v -4.17765998840332 -2.46875 -0.296288013458252
v -4.17765998840332 -2.46875 0.296288013458252
v -4.177649974822998 2.46875 -0.296288013458252
v -4.177649974822998 2.46875 0.296288013458252
v -4.10306978225708 -2.018800020217896 2.77556008446376e-18
v -4.10306978225708 2.018790006637573 0
v -4.077549934387207 -2.630729913711548 -0.2897560000419617
v -4.077549934387207 -2.630729913711548 0.2897560000419617
v -4.077539920806885 2.630719900131226 -0.2897560000419617
v -4.077539920806885 2.630719900131226 0.2897560000419617
v -4.054790019989014 -2.096920013427734 -0.2528179883956909
v -4.054790019989014 -2.096920013427734 0.2528179883956909
v -4.054790019989014 2.096920013427734 -0.2528179883956909
v -4.054790019989014 2.096920013427734 0.2528179883956909
v -3.994539976119995 -2.765039920806885 -0.1831160038709641
v -3.994539976119995 -2.765039920806885 0.1831160038709641
v -3.994539976119995 2.765029907226563 -0.1831160038709641
v -3.994539976119995 2.765029907226563 0.1831160038709641
v -3.966870069503784 -2.809809923171997 2.428610053953447e-17
v -3.966870069503784 2.809799909591675 -5.204170014340115e-18
v -3.944220066070557 -1.705189943313599 6.938889871401742e-19
v -3.944220066070557 1.705189943313599 0
v -3.943300008773804 -2.27731990814209 -0.4182890057563782
v -3.943300008773804 -2.27731990814209 0.4182890057563782
v -3.943300008773804 2.277309894561768 -0.4182890057563782
v -3.943300008773804 2.277309894561768 0.4182890057563782
v -3.87581992149353 -1.815870046615601 -0.3581579923629761
v -3.87581992149353 -1.815870046615601 0.3581579923629761
v -3.875809907913208 1.815860033035278 -0.3581579923629761
v -3.875809907913208 1.815860033035278 0.3581579923629761
v -3.823899984359741 -1.329229950904846 0
v -3.823899984359741 1.329229950904846 0
v -3.8019700050354 -2.505990028381348 -0.4090679883956909
v -3.8019700050354 -2.505990028381348 0.4090679883956909
v -3.8019700050354 2.505980014801025 -0.4090679883956909
v -3.8019700050354 2.505980014801025 0.4090679883956909
v -3.72733998298645 -1.485479950904846 -0.5056350231170654
v -3.72733998298645 -1.485479950904846 0.5056350231170654
v -3.727329969406128 1.485479950904846 -0.5056350231170654
v -3.727329969406128 1.485479950904846 0.5056350231170654
v -3.717880010604858 -2.071419954299927 -0.5925760269165039
v -3.717880010604858 -2.071419954299927 0.5925760269165039
v -3.717869997024536 2.071419954299927 -0.5925760269165039
v -3.717869997024536 2.071419954299927 0.5925760269165039
v -3.68477988243103 -2.695600032806397 -0.2585169970989227
v -3.68477988243103 -2.695600032806397 0.2585169970989227
v -3.68477988243103 2.695590019226074 -0.2585169970989227
v -3.68477988243103 2.695590019226074 0.2585169970989227
v -3.6457200050354 -2.758810043334961 1.387779938834303e-17
v -3.6457200050354 2.758800029754639 -1.387779938834303e-17
v -3.64178991317749 -0.9581559896469116 0
v -3.641779899597168 0.9581549763679504 0
v -3.521080017089844 -1.153470039367676 -0.6320440173149109
v -3.521080017089844 -1.153470039367676 0.6320440173149109
v -3.521070003509522 1.153470039367676 -0.6320440173149109
v -3.521070003509522 1.153470039367676 0.6320440173149109
v -3.517659902572632 -2.395380020141602 -0.5795120000839233
v -3.517659902572632 -2.395380020141602 0.5795120000839233
v -3.517659902572632 2.395370006561279 -0.5795120000839233
v -3.517659902572632 2.395370006561279 0.5795120000839233
v -3.50435996055603 -1.846259951591492 -0.8365780115127564
v -3.50435996055603 -1.846259951591492 0.8365780115127564
v -3.50435996055603 1.846259951591492 -0.8365780115127564
v -3.50435996055603 1.846259951591492 0.8365780115127564
v -3.35164999961853 -2.664000034332275 -0.3662320077419281
v -3.35164999961853 -2.664000034332275 0.3662320077419281
v -3.351639986038208 2.663990020751953 -0.3662320077419281
v -3.351639986038208 2.663990020751953 0.3662320077419281
v -3.297529935836792 -0.6592230200767517 0
v -3.297529935836792 0.6592230200767517 0
v -3.296309947967529 -2.7535400390625 3.469449847085758e-18
v -3.296309947967529 2.753530025482178 -3.469449847085758e-18
v -3.24236011505127 -1.604449987411499 -1.045719981193543
v -3.24236011505127 -1.604449987411499 1.045719981193543
v -3.242350101470947 1.604449987411499 -1.045719981193543
v -3.242350101470947 1.604449987411499 1.045719981193543
v -3.221709966659546 -2.303620100021362 0.8181350231170654
v -3.221709966659546 -2.30361008644104 -0.8181350231170654
v -3.221699953079224 2.30361008644104 -0.8181350231170654
v -3.221699953079224 2.30361008644104 0.8181350231170654
v -3.16877007484436 -0.8675569891929627 -0.6741799712181091
v -3.16877007484436 -0.8675569891929627 0.6741799712181091
v -3.16877007484436 0.8675569891929627 -0.6741799712181091
v -3.16877007484436 0.8675569891929627 0.6741799712181091
v -2.987329959869385 -2.68284010887146 -0.5170339941978455
v -2.987329959869385 -2.68284010887146 0.5170339941978455
v -2.987329959869385 2.68284010887146 -0.5170339941978455
v -2.987329959869385 2.68284010887146 0.5170339941978455
v -2.933370113372803 -2.858819907661254e-17 4.50767993927002
v -2.933360099792481 2.85883016470085e-17 -4.50767993927002
v -2.909209966659546 -2.809250116348267 0
v -2.909209966659546 2.809240102767944 0
v -2.898730039596558 -0.08774950355291367 4.460519790649414
v -2.898730039596558 0.08774950355291367 4.460519790649414
v -2.898720026016235 -0.08774950355291367 -4.460519790649414
v -2.898720026016235 0.08774950355291367 -4.460519790649414
v -2.891309976577759 -2.775559877668607e-17 4.269179821014404
v -2.891299962997437 2.775559877668607e-17 -4.269169807434082
v -2.889039993286133 -2.176140069961548 -1.022670030593872
v -2.889039993286133 -2.176140069961548 1.022670030593872
v -2.889029979705811 2.176140069961548 -1.022670030593872
v -2.889029979705811 2.176140069961548 1.022670030593872
v -2.879120111465454 -0.5040429830551148 0
v -2.879120111465454 0.5040429830551148 0
v -2.871469974517822 -1.348600029945374 -1.115440011024475
v -2.871469974517822 -1.348600029945374 1.115440011024475
v -2.871469974517822 1.348600029945374 -1.115440011024475
v -2.871469974517822 1.348600029945374 1.115440011024475
v -2.866090059280396 -3.108619849973898e-17 4.637430191040039
v -2.866080045700073 3.108630107013494e-17 -4.637430191040039
v -2.859699964523315 -0.129259005188942 -4.288700103759766
v -2.859699964523315 -0.129259005188942 4.288710117340088
v -2.859699964523315 0.129259005188942 -4.288700103759766
v -2.859699964523315 0.129259005188942 4.288710117340088
v -2.859630107879639 -0.1193109974265099 4.55325984954834
v -2.859630107879639 0.1193109974265099 4.55325984954834
v -2.859620094299316 -0.1193109974265099 -4.553249835968018
v -2.859620094299316 0.1193109974265099 -4.553249835968018
v -2.809809923171997 -2.428610053953447e-17 3.966870069503784
v -2.809799909591675 2.428610053953447e-17 -3.966870069503784
v -2.809250116348267 0 2.909209966659546
v -2.809240102767944 0 -2.909209966659546
v -2.808180093765259 0 -2.498420000076294
v -2.808180093765259 0 2.498420000076294
v -2.765039920806885 -0.1831160038709641 3.994539976119995
v -2.765039920806885 0.1831160038709641 3.994539976119995
v -2.765029907226563 -0.1831160038709641 -3.994539976119995
v -2.765029907226563 0.1831160038709641 -3.994539976119995
v -2.764899969100952 -0.2045339941978455 4.347300052642822
v -2.764899969100952 0.2045339941978455 4.347300052642822
v -2.76488995552063 -0.2045339941978455 -4.347300052642822
v -2.76488995552063 0.2045339941978455 -4.347300052642822
v -2.760020017623901 -0.6967520117759705 -0.6236159801483154
v -2.760020017623901 -0.6967520117759705 0.6236159801483154
v -2.760020017623901 0.6967520117759705 -0.6236159801483154
v -2.760020017623901 0.6967520117759705 0.6236159801483154
v -2.758810043334961 -1.387779938834303e-17 3.6457200050354
v -2.758800029754639 1.387779938834303e-17 -3.6457200050354
v -2.756750106811523 -0.1419820040464401 4.548270225524902
v -2.756750106811523 0.1419820040464401 4.548270225524902
v -2.756740093231201 -0.1419820040464401 -4.54826021194458
v -2.756740093231201 0.1419820040464401 -4.54826021194458
v -2.7535400390625 -3.469449847085758e-18 3.296309947967529
v -2.753530025482178 3.469449847085758e-18 -3.296309947967529
v -2.740319967269898 -0.07373840361833572 4.626989841461182
v -2.740319967269898 0.07373840361833572 4.626989841461182
v -2.740309953689575 -0.07373840361833572 -4.626989841461182
v -2.740309953689575 0.07373840361833572 -4.626989841461182
v -2.695600032806397 -0.2585169970989227 3.68477988243103
v -2.695600032806397 0.2585169970989227 3.68477988243103
v -2.695590019226074 -0.2585169970989227 -3.68477988243103
v -2.695590019226074 0.2585169970989227 -3.68477988243103
v -2.68284010887146 -0.5170339941978455 -2.987329959869385
v -2.68284010887146 -0.5170339941978455 2.987329959869385
v -2.68284010887146 0.5170339941978455 -2.987329959869385
v -2.68284010887146 0.5170339941978455 2.987329959869385
v -2.668999910354614 -2.158770006940481e-17 4.602499961853027
v -2.668989896774292 2.158770006940481e-17 -4.602499961853027
v -2.664000034332275 -0.3662320077419281 3.35164999961853
v -2.664000034332275 0.3662320077419281 3.35164999961853
v -2.663990020751953 -0.3662320077419281 -3.351639986038208
v -2.663990020751953 0.3662320077419281 -3.351639986038208
v -2.650559902191162 -0.2091439962387085 4.417970180511475
v -2.650559902191162 0.2091439962387085 4.417970180511475
v -2.65054988861084 -0.2091439962387085 -4.417960166931152
v -2.65054988861084 0.2091439962387085 -4.417960166931152
v -2.650170087814331 -0.646291971206665 -2.596070051193237
v -2.650170087814331 -0.646291971206665 2.596070051193237
v -2.650170087814331 0.646291971206665 -2.596070051193237
v -2.650170087814331 0.646291971206665 2.596070051193237
v -2.632590055465698 0 -2.077939987182617
v -2.632590055465698 0 2.077939987182617
v -2.630729913711548 -0.2897560000419617 4.077549934387207
v -2.630729913711548 0.2897560000419617 4.077549934387207
v -2.630719900131226 -0.2897560000419617 -4.077539920806885
v -2.630719900131226 0.2897560000419617 -4.077539920806885
v -2.596070051193237 -2.650170087814331 -0.646291971206665
v -2.596070051193237 -2.650170087814331 0.646291971206665
v -2.596070051193237 2.650170087814331 -0.646291971206665
v -2.596070051193237 2.650170087814331 0.646291971206665
v -2.560359954833984 -0.1264089941978455 -4.473710060119629
v -2.560359954833984 -0.1264089941978455 4.473710060119629
v -2.560359954833984 0.1264089941978455 -4.473710060119629
v -2.560359954833984 0.1264089941978455 4.473710060119629
v -2.521300077438355 -1.387779938834303e-17 4.497849941253662
v -2.521290063858032 1.387790030437776e-17 -4.497849941253662
v -2.505990028381348 -0.4090679883956909 3.8019700050354
v -2.505990028381348 0.4090679883956909 3.8019700050354
v -2.505980014801025 -0.4090679883956909 -3.8019700050354
v -2.505980014801025 0.4090679883956909 -3.8019700050354
v -2.498420000076294 -2.808180093765259 0
v -2.498420000076294 2.808180093765259 0
v -2.494600057601929 -1.958410024642944 -1.090849995613098
v -2.494600057601929 -1.958410024642944 1.090849995613098
v -2.494600057601929 1.958410024642944 -1.090849995613098
v -2.494590044021606 1.958410024642944 1.090849995613098
v -2.48501992225647 -1.141720056533814 -1.031780004501343
v -2.48501992225647 -1.141720056533814 1.031780004501343
v -2.48501992225647 1.141720056533814 -1.031780004501343
v -2.48501992225647 1.141720056533814 1.031780004501343
v -2.474560022354126 -0.5642309784889221 0
v -2.474560022354126 0.5642309784889221 0
v -2.46875 -0.296288013458252 -4.177649974822998
v -2.46875 -0.296288013458252 4.17765998840332
v -2.46875 0.296288013458252 -4.177649974822998
v -2.46875 0.296288013458252 4.17765998840332
v -2.464040040969849 -0.689378023147583 -2.182100057601929
v -2.464040040969849 -0.689378023147583 2.182100057601929
v -2.464040040969849 0.689378023147583 -2.182100057601929
v -2.464040040969849 0.689378023147583 2.182100057601929
v -2.395380020141602 -0.5795120000839233 3.517659902572632
v -2.395380020141602 0.5795120000839233 3.517659902572632
v -2.395370006561279 -0.5795120000839233 -3.517659902572632
v -2.395370006561279 0.5795120000839233 -3.517659902572632
v -2.384429931640625 -0.7100650072097778 -0.4719260036945343
v -2.384429931640625 -0.7100650072097778 0.4719260036945343
v -2.384429931640625 0.7100650072097778 -0.4719260036945343
v -2.384429931640625 0.7100650072097778 0.4719260036945343
v -2.340980052947998 -0.179078996181488 4.256629943847656
v -2.340980052947998 0.179078996181488 4.256629943847656
v -2.340970039367676 -0.179078996181488 -4.256619930267334
v -2.340970039367676 0.179078996181488 -4.256619930267334
v -2.329400062561035 0 -1.751000046730042
v -2.329400062561035 0 1.751000046730042
v -2.303620100021362 -0.8181350231170654 3.221709966659546
v -2.303620100021362 0.8181350231170654 3.221709966659546
v -2.30361008644104 -0.8181350231170654 -3.221699953079224
v -2.30361008644104 0.8181350231170654 -3.221699953079224
v -2.285640001296997 -5.204170014340115e-18 4.290830135345459
v -2.285629987716675 5.204200206432473e-18 -4.290820121765137
v -2.27731990814209 -0.4182890057563782 3.943300008773804
v -2.27731990814209 0.4182890057563782 3.943300008773804
v -2.277309894561768 -0.4182890057563782 -3.943300008773804
v -2.277309894561768 0.4182890057563782 -3.943300008773804
v -2.182100057601929 -2.464040040969849 -0.689378023147583
v -2.182100057601929 -2.464040040969849 0.689378023147583
v -2.182100057601929 2.464040040969849 -0.689378023147583
v -2.182100057601929 2.464040040969849 0.689378023147583
v -2.17632007598877 -1.046800017356873 -0.7808049917221069
v -2.17632007598877 -1.046800017356873 0.7808049917221069
v -2.17632007598877 1.046800017356873 -0.7808049917221069
v -2.17632007598877 1.046800017356873 0.7808049917221069
v -2.176140069961548 -1.022670030593872 -2.889029979705811
v -2.176140069961548 -1.022670030593872 2.889039993286133
v -2.176140069961548 1.022670030593872 -2.889029979705811
v -2.176140069961548 1.022670030593872 2.889039993286133
v -2.173500061035156 -0.6376749873161316 -1.847350001335144
v -2.173500061035156 -0.6376749873161316 1.847350001335144
v -2.173500061035156 0.6376749873161316 -1.847350001335144
v -2.173500061035156 0.6376749873161316 1.847350001335144
v -2.136409997940064 -1.705790042877197 -1.009029984474182
v -2.136409997940064 -1.705790042877197 1.009029984474182
v -2.136409997940064 1.705790042877197 -1.009029984474182
v -2.136409997940064 1.705790042877197 1.009029984474182
v -2.112529993057251 -0.6507059931755066 -6.938890181594472e-18
v -2.112529993057251 0.6507059931755066 0
v -2.096920013427734 -0.2528179883956909 -4.054790019989014
v -2.096920013427734 -0.2528179883956909 4.054790019989014
v -2.096920013427734 0.2528179883956909 -4.054790019989014
v -2.096920013427734 0.2528179883956909 4.054790019989014
v -2.077939987182617 -2.632590055465698 0
v -2.077939987182617 2.632580041885376 0
v -2.071419954299927 -0.5925760269165039 -3.717869997024536
v -2.071419954299927 -0.5925760269165039 3.717880010604858
v -2.071419954299927 0.5925760269165039 -3.717869997024536
v -2.071419954299927 0.5925760269165039 3.717880010604858
v -2.051369905471802 -0.7496640086174011 -0.320235013961792
v -2.051369905471802 -0.7496640086174011 0.320235013961792
v -2.051369905471802 0.7496640086174011 -0.320235013961792
v -2.051369905471802 0.7496640086174011 0.320235013961792
v -2.018800020217896 -2.77556008446376e-18 4.10306978225708
v -2.018790006637573 2.77556008446376e-18 -4.10306978225708
v -1.958410024642944 -1.090849995613098 -2.494590044021606
v -1.958410024642944 -1.090849995613098 2.494600057601929
v -1.958410024642944 1.090849995613098 -2.494600057601929
v -1.958410024642944 1.090849995613098 2.494600057601929
v -1.945590019226074 0 -1.620849967002869
v -1.945590019226074 0 1.620849967002869
v -1.91251003742218 -1.473659992218018 -0.763592004776001
v -1.91251003742218 -1.473659992218018 0.763592004776001
v -1.91251003742218 1.473659992218018 -0.763592004776001
v -1.91251003742218 1.473659992218018 0.763592004776001
v -1.910150051116943 -0.9781609773635864 -0.5298320055007935
v -1.910150051116943 -0.9781609773635864 0.5298320055007935
v -1.910150051116943 0.9781609773635864 -0.5298320055007935
v -1.910150051116943 0.9781609773635864 0.5298320055007935
v -1.847350001335144 -2.173500061035156 -0.6376749873161316
v -1.847350001335144 -2.173500061035156 0.6376749873161316
v -1.847350001335144 2.173500061035156 -0.6376749873161316
v -1.847350001335144 2.173500061035156 0.6376749873161316
v -1.846259951591492 -0.8365780115127564 -3.50435996055603
v -1.846259951591492 -0.8365780115127564 3.50435996055603
v -1.846259951591492 0.8365780115127564 -3.50435996055603
v -1.846259951591492 0.8365780115127564 3.50435996055603
v -1.827600002288818 -0.4825649857521057 -1.69376003742218
v -1.827600002288818 -0.4825649857521057 1.69376003742218
v -1.827600002288818 0.4825649857521057 -1.69376003742218
v -1.827600002288818 0.4825649857521057 1.69376003742218
v -1.821720004081726 -0.5743849873542786 0
v -1.821720004081726 0.5743849873542786 0
v -1.815870046615601 -0.3581579923629761 3.87581992149353
v -1.815870046615601 0.3581579923629761 3.87581992149353
v -1.815860033035278 -0.3581579923629761 -3.875809907913208
v -1.815860033035278 0.3581579923629761 -3.875809907913208
v -1.770220041275024 -0.6577180027961731 -0.2696720063686371
v -1.770220041275024 -0.6577180027961731 0.2696720063686371
v -1.770220041275024 0.6577180027961731 -0.2696720063686371
v -1.770220041275024 0.6577180027961731 0.2696720063686371
v -1.751000046730042 -2.329400062561035 0
v -1.751000046730042 2.329400062561035 0
v -1.73114001750946 -1.267820000648499 -0.5181519985198975
v -1.73114001750946 -1.267820000648499 0.5181519985198975
v -1.73114001750946 1.267820000648499 -0.5181519985198975
v -1.73114001750946 1.267820000648499 0.5181519985198975
v -1.705790042877197 -1.009029984474182 -2.136409997940064
v -1.705790042877197 -1.009029984474182 2.136409997940064
v -1.705790042877197 1.009029984474182 -2.136409997940064
v -1.705790042877197 1.009029984474182 2.136409997940064
v -1.705189943313599 -6.938889871401742e-19 3.944220066070557
v -1.705189943313599 6.938889871401742e-19 -3.944220066070557
v -1.69376003742218 -1.827600002288818 -0.4825649857521057
v -1.69376003742218 -1.827600002288818 0.4825649857521057
v -1.69376003742218 1.827600002288818 -0.4825649857521057
v -1.69376003742218 1.827600002288818 0.4825649857521057
v -1.651299953460693 -0.8501369953155518 -0.4461739957332611
v -1.651299953460693 -0.8501369953155518 0.4461739957332611
v -1.651299953460693 0.8501369953155518 -0.4461739957332611
v -1.651299953460693 0.8501369953155518 0.4461739957332611
v -1.620849967002869 -1.945590019226074 0
v -1.620849967002869 1.945580005645752 0
v -1.617449998855591 -0.3519299924373627 0
v -1.617449998855591 0.3519299924373627 0
v -1.604449987411499 -1.045719981193543 -3.242350101470947
v -1.604449987411499 -1.045719981193543 3.24236011505127
v -1.604449987411499 1.045719981193543 -3.242350101470947
v -1.604449987411499 1.045719981193543 3.24236011505127
v -1.588050007820129 0 -1.533220052719116
v -1.588050007820129 0 1.533220052719116
v -1.58270001411438 -1.507990002632141 -0.327454000711441
v -1.58270001411438 -1.507990002632141 0.327454000711441
v -1.58270001411438 1.507990002632141 -0.327454000711441
v -1.58270001411438 1.507990002632141 0.327454000711441
v -1.553069949150085 -0.4144299924373627 -0.3370899856090546
v -1.553069949150085 -0.4144299924373627 0.3370899856090546
v -1.553069949150085 0.4144299924373627 -0.3370899856090546
v -1.553069949150085 0.4144299924373627 0.3370899856090546
v -1.533220052719116 -1.588050007820129 0
v -1.533220052719116 1.588050007820129 0
v -1.515030026435852 0 0
v -1.507990002632141 -0.327454000711441 -1.58270001411438
v -1.507990002632141 -0.327454000711441 1.58270001411438
v -1.507990002632141 0.327454000711441 -1.58270001411438
v -1.507990002632141 0.327454000711441 1.58270001411438
v -1.500550031661987 -1.094059944152832 -0.4363380074501038
v -1.500550031661987 -1.094059944152832 0.4363380074501038
v -1.500550031661987 1.094059944152832 -0.4363380074501038
v -1.500550031661987 1.094059944152832 0.4363380074501038
v -1.485479950904846 -0.5056350231170654 -3.727329969406128
v -1.485479950904846 -0.5056350231170654 3.72733998298645
v -1.485479950904846 0.5056350231170654 -3.727329969406128
v -1.485479950904846 0.5056350231170654 3.72733998298645
v -1.473659992218018 -0.763592004776001 -1.91251003742218
v -1.473659992218018 -0.763592004776001 1.91251003742218
v -1.473659992218018 0.763592004776001 -1.91251003742218
v -1.473659992218018 0.763592004776001 1.91251003742218
v -1.41729998588562 -0.675786018371582 -0.5240089893341065
v -1.41729998588562 -0.675786018371582 0.5240089893341065
v -1.41729998588562 0.675786018371582 -0.5240089893341065
v -1.41729998588562 0.675786018371582 0.5240089893341065
v -1.412019968032837 0 -0.5393440127372742
v -1.412019968032837 0 0.5393440127372742
v -1.375550031661987 -1.296309947967529 -0.275750994682312
v -1.375550031661987 -1.296309947967529 0.275750994682312
v -1.375550031661987 1.296309947967529 -0.275750994682312
v -1.375550031661987 1.296309947967529 0.275750994682312
v -1.363729953765869 0 -1.333889961242676
v -1.363729953765869 0 1.333889961242676
v -1.348600029945374 -1.115440011024475 -2.871469974517822
v -1.348600029945374 -1.115440011024475 2.871469974517822
v -1.348600029945374 1.115440011024475 -2.871469974517822
v -1.348600029945374 1.115440011024475 2.871469974517822
v -1.333889961242676 -1.363729953765869 0
v -1.333889961242676 1.363729953765869 0
v -1.329229950904846 0 -3.823899984359741
v -1.329229950904846 0 3.823899984359741
v -1.296939969062805 0 -1.007650017738342
v -1.296939969062805 0 1.007650017738342
v -1.296309947967529 -0.275750994682312 -1.375550031661987
v -1.296309947967529 -0.275750994682312 1.375550031661987
v -1.296309947967529 0.275750994682312 -1.375550031661987
v -1.296309947967529 0.275750994682312 1.375550031661987
v -1.267820000648499 -0.5181519985198975 -1.73114001750946
v -1.267820000648499 -0.5181519985198975 1.73114001750946
v -1.267820000648499 0.5181519985198975 -1.73114001750946
v -1.267820000648499 0.5181519985198975 1.73114001750946
v -1.225679993629456 -0.4681690037250519 -0.7575139999389648
v -1.225679993629456 -0.4681690037250519 0.7575139999389648
v -1.225679993629456 0.4681690037250519 -0.7575139999389648
v -1.225679993629456 0.4681690037250519 0.7575139999389648
v -1.215980052947998 -0.9598529934883118 -0.5454229712486267
v -1.215980052947998 -0.9598529934883118 0.5454229712486267
v -1.215980052947998 0.9598529934883118 -0.5454229712486267
v -1.215980052947998 0.9598529934883118 0.5454229712486267
v -1.199790000915527 -0.323855996131897 -1.093440055847168
v -1.199790000915527 -0.323855996131897 1.093440055847168
v -1.199790000915527 0.323855996131897 -1.093440055847168
v -1.199790000915527 0.323855996131897 1.093440055847168
v -1.153470039367676 -0.6320440173149109 -3.521070003509522
v -1.153470039367676 -0.6320440173149109 3.521080017089844
v -1.153470039367676 0.6320440173149109 -3.521070003509522
v -1.153470039367676 0.6320440173149109 3.521080017089844
v -1.141720056533814 -1.031780004501343 -2.48501992225647
v -1.141720056533814 -1.031780004501343 2.48501992225647
v -1.141720056533814 1.031780004501343 -2.48501992225647
v -1.141720056533814 1.031780004501343 2.48501992225647
v -1.115440011024475 -2.871469974517822 -1.348600029945374
v -1.115440011024475 -2.871469974517822 1.348600029945374
v -1.115440011024475 2.871469974517822 -1.348600029945374
v -1.115440011024475 2.871469974517822 1.348600029945374
v -1.094059944152832 -0.4363380074501038 -1.500550031661987
v -1.094059944152832 -0.4363380074501038 1.500550031661987
v -1.094059944152832 0.4363380074501038 -1.500550031661987
v -1.094059944152832 0.4363380074501038 1.500550031661987
v -1.093440055847168 -1.199790000915527 -0.323855996131897
v -1.093440055847168 -1.199790000915527 0.323855996131897
v -1.093440055847168 1.199790000915527 -0.323855996131897
v -1.093440055847168 1.199790000915527 0.323855996131897
v -1.090849995613098 -2.494600057601929 1.958410024642944
v -1.090849995613098 -2.494590044021606 -1.958410024642944
v -1.090849995613098 2.494590044021606 1.958410024642944
v -1.090849995613098 2.494600057601929 -1.958410024642944
v -1.046800017356873 -0.7808049917221069 -2.17632007598877
v -1.046800017356873 -0.7808049917221069 2.17632007598877
v -1.046800017356873 0.7808049917221069 -2.17632007598877
v -1.046800017356873 0.7808049917221069 2.17632007598877
v -1.045719981193543 -3.24236011505127 1.604449987411499
v -1.045719981193543 -3.242350101470947 -1.604449987411499
v -1.045719981193543 3.242350101470947 -1.604449987411499
v -1.045719981193543 3.242350101470947 1.604449987411499
v -1.031780004501343 -2.48501992225647 -1.141720056533814
v -1.031780004501343 -2.48501992225647 1.141720056533814
v -1.031780004501343 2.48501992225647 -1.141720056533814
v -1.031780004501343 2.48501992225647 1.141720056533814
v -1.022670030593872 -2.889039993286133 2.176140069961548
v -1.022670030593872 -2.889029979705811 -2.176140069961548
v -1.022670030593872 2.889029979705811 -2.176140069961548
v -1.022670030593872 2.889029979705811 2.176140069961548
v -1.009029984474182 -2.136409997940064 -1.705790042877197
v -1.009029984474182 -2.136409997940064 1.705790042877197
v -1.009029984474182 2.136409997940064 -1.705790042877197
v -1.009029984474182 2.136409997940064 1.705790042877197
v -1.007650017738342 -1.296939969062805 0
v -1.007650017738342 1.296939969062805 0
v -0.9781609773635864 -0.5298320055007935 -1.910150051116943
v -0.9781609773635864 -0.5298320055007935 1.910150051116943
v -0.9781609773635864 0.5298320055007935 -1.910150051116943
v -0.9781609773635864 0.5298320055007935 1.910150051116943
v -0.9598529934883118 -0.5454229712486267 -1.215980052947998
v -0.9598529934883118 -0.5454229712486267 1.215980052947998
v -0.9598529934883118 0.5454229712486267 -1.215980052947998
v -0.9598529934883118 0.5454229712486267 1.215980052947998
v -0.9581559896469116 0 3.64178991317749
v -0.9581549763679504 0 -3.641779899597168
v -0.8726770281791687 -0.8726770281791687 -0.8726770281791687
v -0.8726770281791687 -0.8726770281791687 0.8726770281791687
v -0.8726770281791687 0.8726770281791687 -0.8726770281791687
v -0.8726770281791687 0.8726770281791687 0.8726770281791687
v -0.8675569891929627 -0.6741799712181091 -3.16877007484436
v -0.8675569891929627 -0.6741799712181091 3.16877007484436
v -0.8675569891929627 0.6741799712181091 -3.16877007484436
v -0.8675569891929627 0.6741799712181091 3.16877007484436
v -0.8501369953155518 -0.4461739957332611 -1.651299953460693
v -0.8501369953155518 -0.4461739957332611 1.651299953460693
v -0.8501369953155518 0.4461739957332611 -1.651299953460693
v -0.8501369953155518 0.4461739957332611 1.651299953460693
v -0.8365780115127564 -3.50435996055603 -1.846259951591492
v -0.8365780115127564 -3.50435996055603 1.846259951591492
v -0.8365780115127564 3.50435996055603 -1.846259951591492
v -0.8365780115127564 3.50435996055603 1.846259951591492
v -0.8181350231170654 -3.221709966659546 2.303620100021362
v -0.8181350231170654 -3.221699953079224 -2.30361008644104
v -0.8181350231170654 3.221699953079224 -2.30361008644104
v -0.8181350231170654 3.221699953079224 2.30361008644104
v -0.7808049917221069 -2.17632007598877 -1.046800017356873
v -0.7808049917221069 -2.17632007598877 1.046800017356873
v -0.7808049917221069 2.17632007598877 -1.046800017356873
v -0.7808049917221069 2.17632007598877 1.046800017356873
v -0.763592004776001 -1.91251003742218 -1.473659992218018
v -0.763592004776001 -1.91251003742218 1.473659992218018
v -0.763592004776001 1.91251003742218 -1.473659992218018
v -0.763592004776001 1.91251003742218 1.473659992218018
v -0.7575139999389648 -1.225679993629456 -0.4681690037250519
v -0.7575139999389648 -1.225679993629456 0.4681690037250519
v -0.7575139999389648 1.225679993629456 -0.4681690037250519
v -0.7575139999389648 1.225679993629456 0.4681690037250519
v -0.7496640086174011 -0.320235013961792 -2.051369905471802
v -0.7496640086174011 -0.320235013961792 2.051369905471802
v -0.7496640086174011 0.320235013961792 -2.051369905471802
v -0.7496640086174011 0.320235013961792 2.051369905471802
v -0.7100650072097778 -0.4719260036945343 -2.384429931640625
v -0.7100650072097778 -0.4719260036945343 2.384429931640625
v -0.7100650072097778 0.4719260036945343 -2.384429931640625
v -0.7100650072097778 0.4719260036945343 2.384429931640625
v -0.6967520117759705 -0.6236159801483154 -2.760020017623901
v -0.6967520117759705 -0.6236159801483154 2.760020017623901
v -0.6967520117759705 0.6236159801483154 -2.760020017623901
v -0.6967520117759705 0.6236159801483154 2.760020017623901
v -0.689378023147583 -2.182100057601929 -2.464040040969849
v -0.689378023147583 -2.182100057601929 2.464040040969849
v -0.689378023147583 2.182100057601929 -2.464040040969849
v -0.689378023147583 2.182100057601929 2.464040040969849
v -0.675786018371582 -0.5240089893341065 -1.41729998588562
v -0.675786018371582 -0.5240089893341065 1.41729998588562
v -0.675786018371582 0.5240089893341065 -1.41729998588562
v -0.675786018371582 0.5240089893341065 1.41729998588562
v -0.6741799712181091 -3.16877007484436 -0.8675569891929627
v -0.6741799712181091 -3.16877007484436 0.8675569891929627
v -0.6741799712181091 3.16877007484436 -0.8675569891929627
v -0.6741799712181091 3.16877007484436 0.8675569891929627
v -0.6592230200767517 0 -3.297529935836792
v -0.6592230200767517 0 3.297529935836792
v -0.6577180027961731 -0.2696720063686371 -1.770220041275024
v -0.6577180027961731 -0.2696720063686371 1.770220041275024
v -0.6577180027961731 0.2696720063686371 -1.770220041275024
v -0.6577180027961731 0.2696720063686371 1.770220041275024
v -0.6507059931755066 0 -2.112529993057251
v -0.6507059931755066 0 2.112529993057251
v -0.646291971206665 -2.596070051193237 -2.650170087814331
v -0.646291971206665 -2.596070051193237 2.650170087814331
v -0.646291971206665 2.596070051193237 -2.650170087814331
v -0.646291971206665 2.596070051193237 2.650170087814331
v -0.6376749873161316 -1.847350001335144 -2.173500061035156
v -0.6376749873161316 -1.847350001335144 2.173500061035156
v -0.6376749873161316 1.847350001335144 -2.173500061035156
v -0.6376749873161316 1.847350001335144 2.173500061035156
v -0.6320440173149109 -3.521080017089844 1.153470039367676
v -0.6320440173149109 -3.521070003509522 -1.153470039367676
v -0.6320440173149109 3.521070003509522 -1.153470039367676
v -0.6320440173149109 3.521070003509522 1.153470039367676
v -0.6236159801483154 -2.760020017623901 -0.6967520117759705
v -0.6236159801483154 -2.760020017623901 0.6967520117759705
v -0.6236159801483154 2.760020017623901 -0.6967520117759705
v -0.6236159801483154 2.760020017623901 0.6967520117759705
v -0.5925760269165039 -3.717880010604858 2.071419954299927
v -0.5925760269165039 -3.717869997024536 -2.071419954299927
v -0.5925760269165039 3.717869997024536 -2.071419954299927
v -0.5925760269165039 3.717869997024536 2.071419954299927
v -0.5795120000839233 -3.517659902572632 -2.395370006561279
v -0.5795120000839233 -3.517659902572632 2.395380020141602
v -0.5795120000839233 3.517659902572632 -2.395370006561279
v -0.5795120000839233 3.517659902572632 2.395370006561279
v -0.5743849873542786 0 -1.821720004081726
v -0.5743849873542786 0 1.821720004081726
v -0.5642309784889221 0 -2.474560022354126
v -0.5642309784889221 0 2.474560022354126
v -0.5454229712486267 -1.215980052947998 -0.9598529934883118
v -0.5454229712486267 -1.215980052947998 0.9598529934883118
v -0.5454229712486267 1.215980052947998 -0.9598529934883118
v -0.5454229712486267 1.215980052947998 0.9598529934883118
v -0.5393440127372742 -1.412019968032837 0
v -0.5393440127372742 1.412019968032837 0
v -0.5298320055007935 -1.910150051116943 -0.9781609773635864
v -0.5298320055007935 -1.910150051116943 0.9781609773635864
v -0.5298320055007935 1.910150051116943 -0.9781609773635864
v -0.5298320055007935 1.910150051116943 0.9781609773635864
v -0.5240089893341065 -1.41729998588562 -0.675786018371582
v -0.5240089893341065 -1.41729998588562 0.675786018371582
v -0.5240089893341065 1.41729998588562 -0.675786018371582
v -0.5240089893341065 1.41729998588562 0.675786018371582
v -0.5181519985198975 -1.73114001750946 -1.267820000648499
v -0.5181519985198975 -1.73114001750946 1.267820000648499
v -0.5181519985198975 1.73114001750946 -1.267820000648499
v -0.5181519985198975 1.73114001750946 1.267820000648499
v -0.5170339941978455 -2.987329959869385 -2.68284010887146
v -0.5170339941978455 -2.987329959869385 2.68284010887146
v -0.5170339941978455 2.987329959869385 -2.68284010887146
v -0.5170339941978455 2.987329959869385 2.68284010887146
v -0.5056350231170654 -3.72733998298645 1.485479950904846
v -0.5056350231170654 -3.727329969406128 -1.485479950904846
v -0.5056350231170654 3.727329969406128 -1.485479950904846
v -0.5056350231170654 3.727329969406128 1.485479950904846
v -0.5040429830551148 0 -2.879120111465454
v -0.5040429830551148 0 2.879120111465454
v -0.4825649857521057 -1.69376003742218 -1.827600002288818
v -0.4825649857521057 -1.69376003742218 1.827600002288818
v -0.4825649857521057 1.69376003742218 -1.827600002288818
v -0.4825649857521057 1.69376003742218 1.827600002288818
v -0.4719260036945343 -2.384429931640625 -0.7100650072097778
v -0.4719260036945343 -2.384429931640625 0.7100650072097778
v -0.4719260036945343 2.384429931640625 -0.7100650072097778
v -0.4719260036945343 2.384429931640625 0.7100650072097778
v -0.4681690037250519 -0.7575139999389648 -1.225679993629456
v -0.4681690037250519 -0.7575139999389648 1.225679993629456
v -0.4681690037250519 0.7575139999389648 -1.225679993629456
v -0.4681690037250519 0.7575139999389648 1.225679993629456
v -0.4461739957332611 -1.651299953460693 -0.8501369953155518
v -0.4461739957332611 -1.651299953460693 0.8501369953155518
v -0.4461739957332611 1.651299953460693 -0.8501369953155518
v -0.4461739957332611 1.651299953460693 0.8501369953155518
v -0.4363380074501038 -1.500550031661987 -1.094059944152832
v -0.4363380074501038 -1.500550031661987 1.094059944152832
v -0.4363380074501038 1.500550031661987 -1.094059944152832
v -0.4363380074501038 1.500550031661987 1.094059944152832
v -0.4182890057563782 -3.943300008773804 -2.277309894561768
v -0.4182890057563782 -3.943300008773804 2.27731990814209
v -0.4182890057563782 3.943300008773804 -2.277309894561768
v -0.4182890057563782 3.943300008773804 2.277309894561768
v -0.4144299924373627 -0.3370899856090546 -1.553069949150085
v -0.4144299924373627 -0.3370899856090546 1.553069949150085
v -0.4144299924373627 0.3370899856090546 -1.553069949150085
v -0.4144299924373627 0.3370899856090546 1.553069949150085
v -0.4090679883956909 -3.8019700050354 -2.505980014801025
v -0.4090679883956909 -3.8019700050354 2.505990028381348
v -0.4090679883956909 3.8019700050354 -2.505980014801025
v -0.4090679883956909 3.8019700050354 2.505980014801025
v -0.3662320077419281 -3.35164999961853 2.664000034332275
v -0.3662320077419281 -3.351639986038208 -2.663990020751953
v -0.3662320077419281 3.351639986038208 -2.663990020751953
v -0.3662320077419281 3.351639986038208 2.663990020751953
v -0.3581579923629761 -3.87581992149353 1.815870046615601
v -0.3581579923629761 -3.875809907913208 -1.815860033035278
v -0.3581579923629761 3.875809907913208 -1.815860033035278
v -0.3581579923629761 3.875809907913208 1.815860033035278
v -0.3519299924373627 0 -1.617449998855591
v -0.3519299924373627 0 1.617449998855591
v -0.3370899856090546 -1.553069949150085 -0.4144299924373627
v -0.3370899856090546 -1.553069949150085 0.4144299924373627
v -0.3370899856090546 1.553069949150085 -0.4144299924373627
v -0.3370899856090546 1.553069949150085 0.4144299924373627
v -0.327454000711441 -1.58270001411438 -1.507990002632141
v -0.327454000711441 -1.58270001411438 1.507990002632141
v -0.327454000711441 1.58270001411438 -1.507990002632141
v -0.327454000711441 1.58270001411438 1.507990002632141
v -0.323855996131897 -1.093440055847168 -1.199790000915527
v -0.323855996131897 -1.093440055847168 1.199790000915527
v -0.323855996131897 1.093440055847168 -1.199790000915527
v -0.323855996131897 1.093440055847168 1.199790000915527
v -0.320235013961792 -2.051369905471802 -0.7496640086174011
v -0.320235013961792 -2.051369905471802 0.7496640086174011
v -0.320235013961792 2.051369905471802 -0.7496640086174011
v -0.320235013961792 2.051369905471802 0.7496640086174011
v -0.296288013458252 -4.17765998840332 2.46875
v -0.296288013458252 -4.177649974822998 -2.46875
v -0.296288013458252 4.177649974822998 -2.46875
v -0.296288013458252 4.177649974822998 2.46875
v -0.2897560000419617 -4.077549934387207 2.630729913711548
v -0.2897560000419617 -4.077539920806885 -2.630719900131226
v -0.2897560000419617 4.077539920806885 -2.630719900131226
v -0.2897560000419617 4.077539920806885 2.630719900131226
v -0.275750994682312 -1.375550031661987 -1.296309947967529
v -0.275750994682312 -1.375550031661987 1.296309947967529
v -0.275750994682312 1.375550031661987 -1.296309947967529
v -0.275750994682312 1.375550031661987 1.296309947967529
v -0.2696720063686371 -1.770220041275024 -0.6577180027961731
v -0.2696720063686371 -1.770220041275024 0.6577180027961731
v -0.2696720063686371 1.770220041275024 -0.6577180027961731
v -0.2696720063686371 1.770220041275024 0.6577180027961731
v -0.2585169970989227 -3.68477988243103 -2.695590019226074
v -0.2585169970989227 -3.68477988243103 2.695600032806397
v -0.2585169970989227 3.68477988243103 -2.695590019226074
v -0.2585169970989227 3.68477988243103 2.695590019226074
v -0.2528179883956909 -4.054790019989014 -2.096920013427734
v -0.2528179883956909 -4.054790019989014 2.096920013427734
v -0.2528179883956909 4.054790019989014 -2.096920013427734
v -0.2528179883956909 4.054790019989014 2.096920013427734
v -0.2091439962387085 -4.417970180511475 2.650559902191162
v -0.2091439962387085 -4.417960166931152 -2.65054988861084
v -0.2091439962387085 4.417960166931152 -2.65054988861084
v -0.2091439962387085 4.417960166931152 2.65054988861084
v -0.2045339941978455 -4.347300052642822 -2.76488995552063
v -0.2045339941978455 -4.347300052642822 2.764899969100952
v -0.2045339941978455 4.347300052642822 -2.76488995552063
v -0.2045339941978455 4.347300052642822 2.76488995552063
v -0.1831160038709641 -3.994539976119995 -2.765029907226563
v -0.1831160038709641 -3.994539976119995 2.765039920806885
v -0.1831160038709641 3.994539976119995 -2.765029907226563
v -0.1831160038709641 3.994539976119995 2.765029907226563
v -0.179078996181488 -4.256629943847656 2.340980052947998
v -0.179078996181488 -4.256619930267334 -2.340970039367676
v -0.179078996181488 4.256619930267334 -2.340970039367676
v -0.179078996181488 4.256619930267334 2.340970039367676
v -0.1419820040464401 -4.548270225524902 2.756750106811523
v -0.1419820040464401 -4.54826021194458 -2.756740093231201
v -0.1419820040464401 4.54826021194458 -2.756740093231201
v -0.1419820040464401 4.54826021194458 2.756740093231201
v -0.129259005188942 -4.288710117340088 2.859699964523315
v -0.129259005188942 -4.288700103759766 -2.859699964523315
v -0.129259005188942 4.288700103759766 -2.859699964523315
v -0.129259005188942 4.288700103759766 2.859699964523315
v -0.1264089941978455 -4.473710060119629 -2.560359954833984
v -0.1264089941978455 -4.473710060119629 2.560359954833984
v -0.1264089941978455 4.473710060119629 -2.560359954833984
v -0.1264089941978455 4.473710060119629 2.560359954833984
v -0.1193109974265099 -4.55325984954834 2.859630107879639
v -0.1193109974265099 -4.553249835968018 -2.859620094299316
v -0.1193109974265099 4.553249835968018 -2.859620094299316
v -0.1193109974265099 4.553249835968018 2.859620094299316
v -0.08774950355291367 -4.460519790649414 -2.898720026016235
v -0.08774950355291367 -4.460519790649414 2.898730039596558
v -0.08774950355291367 4.460519790649414 -2.898720026016235
v -0.08774950355291367 4.460519790649414 2.898720026016235
v -0.07373840361833572 -4.626989841461182 -2.740309953689575
v -0.07373840361833572 -4.626989841461182 2.740319967269898
v -0.07373840361833572 4.626989841461182 -2.740309953689575
v -0.07373840361833572 4.626989841461182 2.740309953689575
v -2.775559877668607e-17 4.269169807434082 -2.891299962997437
v -2.775559877668607e-17 4.50767993927002 -2.933360099792481
v -2.775559877668607e-17 4.637430191040039 -2.866080045700073
v -2.428610053953447e-17 3.966870069503784 -2.809799909591675
v -2.171099961151197e-17 4.602499961853027 -2.668989896774292
v -1.41553002858811e-17 4.497849941253662 -2.521290063858032
v -1.387779938834303e-17 -3.6457200050354 2.758810043334961
v -1.387779938834303e-17 3.6457200050354 -2.758800029754639
v -8.743010388651722e-18 4.290820121765137 -2.285629987716675
v -6.938890181594472e-18 -4.269179821014404 2.891309976577759
v -6.938890181594472e-18 2.112529993057251 0.6507059931755066
v -5.204170014340115e-18 -3.966870069503784 2.809809923171997
v -3.469449847085758e-18 -3.296309947967529 2.7535400390625
v -3.469449847085758e-18 3.296309947967529 -2.753530025482178
v -2.77556008446376e-18 4.10306978225708 -2.018790006637573
v -1.734719960459204e-18 -4.50767993927002 2.933370113372803
v -6.938889871401742e-19 3.944220066070557 -1.705189943313599
v 0 -4.637430191040039 -2.866080045700073
v 0 -4.637430191040039 2.866090059280396
v 0 -4.602499961853027 -2.668989896774292
v 0 -4.602499961853027 2.668999910354614
v 0 -4.497849941253662 -2.521290063858032
v 0 -4.497849941253662 2.521300077438355
v 0 -4.290830135345459 2.285640001296997
v 0 -4.290820121765137 -2.285629987716675
v 0 -4.10306978225708 -2.018790006637573
v 0 -4.10306978225708 2.018800020217896
v 0 -3.944220066070557 -1.705189943313599
v 0 -3.944220066070557 1.705189943313599
v 0 -3.823899984359741 -1.329229950904846
v 0 -3.823899984359741 1.329229950904846
v 0 -3.64178991317749 0.9581559896469116
v 0 -3.641779899597168 -0.9581549763679504
v 0 -3.297529935836792 -0.6592230200767517
v 0 -3.297529935836792 0.6592230200767517
v 0 -2.909209966659546 -2.809240102767944
v 0 -2.909209966659546 2.809250116348267
v 0 -2.879120111465454 -0.5040429830551148
v 0 -2.879120111465454 0.5040429830551148
v 0 -2.498420000076294 -2.808180093765259
v 0 -2.498420000076294 2.808180093765259
v 0 -2.474560022354126 -0.5642309784889221
v 0 -2.474560022354126 0.5642309784889221
v 0 -2.112529993057251 -0.6507059931755066
v 0 -2.112529993057251 0.6507059931755066
v 0 -2.077939987182617 -2.632580041885376
v 0 -2.077939987182617 2.632580041885376
v 0 -1.821720004081726 -0.5743849873542786
v 0 -1.821720004081726 0.5743849873542786
v 0 -1.751000046730042 -2.329400062561035
v 0 -1.751000046730042 2.329400062561035
v 0 -1.620849967002869 -1.945580005645752
v 0 -1.620849967002869 1.945580005645752
v 0 -1.617449998855591 -0.3519299924373627
v 0 -1.617449998855591 0.3519299924373627
v 0 -1.533220052719116 -1.588050007820129
v 0 -1.533220052719116 1.588050007820129
v 0 -1.515030026435852 0
v 0 -1.333889961242676 -1.363729953765869
v 0 -1.333889961242676 1.363729953765869
v 0 -1.007650017738342 -1.296939969062805
v 0 -1.007650017738342 1.296939969062805
v 0 -0.5393440127372742 -1.412019968032837
v 0 -0.5393440127372742 1.412019968032837
v 0 0 -1.515030026435852
v 0 0 1.515030026435852
v 0 0.5393440127372742 -1.412019968032837
v 0 0.5393440127372742 1.412019968032837
v 0 1.007650017738342 -1.296939969062805
v 0 1.007650017738342 1.296939969062805
v 0 1.333889961242676 -1.363729953765869
v 0 1.333889961242676 1.363729953765869
v 0 1.515030026435852 0
v 0 1.533220052719116 -1.588050007820129
v 0 1.533220052719116 1.588050007820129
v 0 1.617449998855591 -0.3519299924373627
v 0 1.617449998855591 0.3519299924373627
v 0 1.620849967002869 -1.945590019226074
v 0 1.620849967002869 1.945590019226074
v 0 1.751000046730042 -2.329400062561035
v 0 1.751000046730042 2.329400062561035
v 0 1.821720004081726 -0.5743849873542786
v 0 1.821720004081726 0.5743849873542786
v 0 2.077939987182617 -2.632590055465698
v 0 2.077939987182617 2.632590055465698
v 0 2.474560022354126 -0.5642309784889221
v 0 2.474560022354126 0.5642309784889221
v 0 2.498420000076294 -2.808180093765259
v 0 2.498420000076294 2.808180093765259
v 0 2.879120111465454 -0.5040429830551148
v 0 2.879120111465454 0.5040429830551148
v 0 2.909209966659546 -2.809240102767944
v 0 2.909209966659546 2.809240102767944
v 0 3.297529935836792 -0.6592230200767517
v 0 3.297529935836792 0.6592230200767517
v 0 3.641779899597168 -0.9581549763679504
v 0 3.641779899597168 0.9581549763679504
v 0 3.823899984359741 -1.329229950904846
v 0 3.823899984359741 1.329229950904846
v 6.938889871401742e-19 3.944220066070557 1.705189943313599
v 1.734719960459204e-18 -4.50767993927002 -2.933360099792481
v 2.77556008446376e-18 4.10306978225708 2.018790006637573
v 3.469449847085758e-18 -3.296309947967529 -2.753530025482178
v 3.469449847085758e-18 3.296309947967529 2.753530025482178
v 5.204170014340115e-18 -3.966870069503784 -2.809799909591675
v 6.938890181594472e-18 -4.269169807434082 -2.891299962997437
v 6.938890181594472e-18 2.112529993057251 -0.6507059931755066
v 8.743010388651722e-18 4.290820121765137 2.285629987716675
v 1.387779938834303e-17 -3.6457200050354 -2.758800029754639
v 1.387779938834303e-17 3.6457200050354 2.758800029754639
v 1.41553002858811e-17 4.497849941253662 2.521290063858032
v 2.171099961151197e-17 4.602499961853027 2.668989896774292
v 2.428610053953447e-17 3.966870069503784 2.809799909591675
v 2.775559877668607e-17 4.269169807434082 2.891299962997437
v 2.775559877668607e-17 4.50767993927002 2.933360099792481
v 2.775559877668607e-17 4.637430191040039 2.866080045700073
v 0.07373840361833572 -4.626989841461182 -2.740309953689575
v 0.07373840361833572 -4.626989841461182 2.740319967269898
v 0.07373840361833572 4.626989841461182 -2.740309953689575
v 0.07373840361833572 4.626989841461182 2.740309953689575
v 0.08774950355291367 -4.460519790649414 -2.898720026016235
v 0.08774950355291367 -4.460519790649414 2.898730039596558
v 0.08774950355291367 4.460519790649414 -2.898720026016235
v 0.08774950355291367 4.460519790649414 2.898720026016235
v 0.1193109974265099 -4.55325984954834 2.859630107879639
v 0.1193109974265099 -4.553249835968018 -2.859620094299316
v 0.1193109974265099 4.553249835968018 -2.859620094299316
v 0.1193109974265099 4.553249835968018 2.859620094299316
v 0.1264089941978455 -4.473710060119629 -2.560359954833984
v 0.1264089941978455 -4.473710060119629 2.560359954833984
v 0.1264089941978455 4.473710060119629 -2.560359954833984
v 0.1264089941978455 4.473710060119629 2.560359954833984
v 0.129259005188942 -4.288710117340088 2.859699964523315
v 0.129259005188942 -4.288700103759766 -2.859699964523315
v 0.129259005188942 4.288700103759766 -2.859699964523315
v 0.129259005188942 4.288700103759766 2.859699964523315
v 0.1419820040464401 -4.548270225524902 2.756750106811523
v 0.1419820040464401 -4.54826021194458 -2.756740093231201
v 0.1419820040464401 4.54826021194458 -2.756740093231201
v 0.1419820040464401 4.54826021194458 2.756740093231201
v 0.179078996181488 -4.256629943847656 2.340980052947998
v 0.179078996181488 -4.256619930267334 -2.340970039367676
v 0.179078996181488 4.256619930267334 -2.340970039367676
v 0.179078996181488 4.256619930267334 2.340970039367676
v 0.1831160038709641 -3.994539976119995 -2.765029907226563
v 0.1831160038709641 -3.994539976119995 2.765039920806885
v 0.1831160038709641 3.994539976119995 -2.765029907226563
v 0.1831160038709641 3.994539976119995 2.765029907226563
v 0.2045339941978455 -4.347300052642822 -2.76488995552063
v 0.2045339941978455 -4.347300052642822 2.764899969100952
v 0.2045339941978455 4.347300052642822 -2.76488995552063
v 0.2045339941978455 4.347300052642822 2.76488995552063
v 0.2091439962387085 -4.417970180511475 2.650559902191162
v 0.2091439962387085 -4.417960166931152 -2.65054988861084
v 0.2091439962387085 4.417960166931152 -2.65054988861084
v 0.2091439962387085 4.417960166931152 2.65054988861084
v 0.2528179883956909 -4.054790019989014 -2.096920013427734
v 0.2528179883956909 -4.054790019989014 2.096920013427734
v 0.2528179883956909 4.054790019989014 -2.096920013427734
v 0.2528179883956909 4.054790019989014 2.096920013427734
v 0.2585169970989227 -3.68477988243103 -2.695590019226074
v 0.2585169970989227 -3.68477988243103 2.695600032806397
v 0.2585169970989227 3.68477988243103 -2.695590019226074
v 0.2585169970989227 3.68477988243103 2.695590019226074
v 0.2696720063686371 -1.770220041275024 -0.6577180027961731
v 0.2696720063686371 -1.770220041275024 0.6577180027961731
v 0.2696720063686371 1.770220041275024 -0.6577180027961731
v 0.2696720063686371 1.770220041275024 0.6577180027961731
v 0.275750994682312 -1.375550031661987 -1.296309947967529
v 0.275750994682312 -1.375550031661987 1.296309947967529
v 0.275750994682312 1.375550031661987 -1.296309947967529
v 0.275750994682312 1.375550031661987 1.296309947967529
v 0.2897560000419617 -4.077549934387207 2.630729913711548
v 0.2897560000419617 -4.077539920806885 -2.630719900131226
v 0.2897560000419617 4.077539920806885 -2.630719900131226
v 0.2897560000419617 4.077539920806885 2.630719900131226
v 0.296288013458252 -4.17765998840332 2.46875
v 0.296288013458252 -4.177649974822998 -2.46875
v 0.296288013458252 4.177649974822998 -2.46875
v 0.296288013458252 4.177649974822998 2.46875
v 0.320235013961792 -2.051369905471802 -0.7496640086174011
v 0.320235013961792 -2.051369905471802 0.7496640086174011
v 0.320235013961792 2.051369905471802 -0.7496640086174011
v 0.320235013961792 2.051369905471802 0.7496640086174011
v 0.323855996131897 -1.093440055847168 -1.199790000915527
v 0.323855996131897 -1.093440055847168 1.199790000915527
v 0.323855996131897 1.093440055847168 -1.199790000915527
v 0.323855996131897 1.093440055847168 1.199790000915527
v 0.327454000711441 -1.58270001411438 -1.507990002632141
v 0.327454000711441 -1.58270001411438 1.507990002632141
v 0.327454000711441 1.58270001411438 -1.507990002632141
v 0.327454000711441 1.58270001411438 1.507990002632141
v 0.3370899856090546 -1.553069949150085 -0.4144299924373627
v 0.3370899856090546 -1.553069949150085 0.4144299924373627
v 0.3370899856090546 1.553069949150085 -0.4144299924373627
v 0.3370899856090546 1.553069949150085 0.4144299924373627
v 0.3519299924373627 0 -1.617449998855591
v 0.3519299924373627 0 1.617449998855591
v 0.3581579923629761 -3.87581992149353 1.815870046615601
v 0.3581579923629761 -3.875809907913208 -1.815860033035278
v 0.3581579923629761 3.875809907913208 -1.815860033035278
v 0.3581579923629761 3.875809907913208 1.815860033035278
v 0.3662320077419281 -3.35164999961853 2.664000034332275
v 0.3662320077419281 -3.351639986038208 -2.663990020751953
v 0.3662320077419281 3.351639986038208 -2.663990020751953
v 0.3662320077419281 3.351639986038208 2.663990020751953
v 0.4090679883956909 -3.8019700050354 -2.505980014801025
v 0.4090679883956909 -3.8019700050354 2.505990028381348
v 0.4090679883956909 3.8019700050354 -2.505980014801025
v 0.4090679883956909 3.8019700050354 2.505980014801025
v 0.4144299924373627 -0.3370899856090546 -1.553069949150085
v 0.4144299924373627 -0.3370899856090546 1.553069949150085
v 0.4144299924373627 0.3370899856090546 -1.553069949150085
v 0.4144299924373627 0.3370899856090546 1.553069949150085
v 0.4182890057563782 -3.943300008773804 -2.277309894561768
v 0.4182890057563782 -3.943300008773804 2.27731990814209
v 0.4182890057563782 3.943300008773804 -2.277309894561768
v 0.4182890057563782 3.943300008773804 2.277309894561768
v 0.4363380074501038 -1.500550031661987 -1.094059944152832
v 0.4363380074501038 -1.500550031661987 1.094059944152832
v 0.4363380074501038 1.500550031661987 -1.094059944152832
v 0.4363380074501038 1.500550031661987 1.094059944152832
v 0.4461739957332611 -1.651299953460693 -0.8501369953155518
v 0.4461739957332611 -1.651299953460693 0.8501369953155518
v 0.4461739957332611 1.651299953460693 -0.8501369953155518
v 0.4461739957332611 1.651299953460693 0.8501369953155518
v 0.4681690037250519 -0.7575139999389648 -1.225679993629456
v 0.4681690037250519 -0.7575139999389648 1.225679993629456
v 0.4681690037250519 0.7575139999389648 -1.225679993629456
v 0.4681690037250519 0.7575139999389648 1.225679993629456
v 0.4719260036945343 -2.384429931640625 -0.7100650072097778
v 0.4719260036945343 -2.384429931640625 0.7100650072097778
v 0.4719260036945343 2.384429931640625 -0.7100650072097778
v 0.4719260036945343 2.384429931640625 0.7100650072097778
v 0.4825649857521057 -1.69376003742218 -1.827600002288818
v 0.4825649857521057 -1.69376003742218 1.827600002288818
v 0.4825649857521057 1.69376003742218 -1.827600002288818
v 0.4825649857521057 1.69376003742218 1.827600002288818
v 0.5040429830551148 0 -2.879120111465454
v 0.5040429830551148 0 2.879120111465454
v 0.5056350231170654 -3.72733998298645 1.485479950904846
v 0.5056350231170654 -3.727329969406128 -1.485479950904846
v 0.5056350231170654 3.727329969406128 -1.485479950904846
v 0.5056350231170654 3.727329969406128 1.485479950904846
v 0.5170339941978455 -2.987329959869385 -2.68284010887146
v 0.5170339941978455 -2.987329959869385 2.68284010887146
v 0.5170339941978455 2.987329959869385 -2.68284010887146
v 0.5170339941978455 2.987329959869385 2.68284010887146
v 0.5181519985198975 -1.73114001750946 -1.267820000648499
v 0.5181519985198975 -1.73114001750946 1.267820000648499
v 0.5181519985198975 1.73114001750946 -1.267820000648499
v 0.5181519985198975 1.73114001750946 1.267820000648499
v 0.5240089893341065 -1.41729998588562 -0.675786018371582
v 0.5240089893341065 -1.41729998588562 0.675786018371582
v 0.5240089893341065 1.41729998588562 -0.675786018371582
v 0.5240089893341065 1.41729998588562 0.675786018371582
v 0.5298320055007935 -1.910150051116943 -0.9781609773635864
v 0.5298320055007935 -1.910150051116943 0.9781609773635864
v 0.5298320055007935 1.910150051116943 -0.9781609773635864
v 0.5298320055007935 1.910150051116943 0.9781609773635864
v 0.5393440127372742 -1.412019968032837 0
v 0.5393440127372742 1.412019968032837 0
v 0.5454229712486267 -1.215980052947998 -0.9598529934883118
v 0.5454229712486267 -1.215980052947998 0.9598529934883118
v 0.5454229712486267 1.215980052947998 -0.9598529934883118
v 0.5454229712486267 1.215980052947998 0.9598529934883118
v 0.5642309784889221 0 -2.474560022354126
v 0.5642309784889221 0 2.474560022354126
v 0.5743849873542786 0 -1.821720004081726
v 0.5743849873542786 0 1.821720004081726
v 0.5795120000839233 -3.517659902572632 -2.395370006561279
v 0.5795120000839233 -3.517659902572632 2.395380020141602
v 0.5795120000839233 3.517659902572632 -2.395370006561279
v 0.5795120000839233 3.517659902572632 2.395370006561279
v 0.5925760269165039 -3.717880010604858 2.071419954299927
v 0.5925760269165039 -3.717869997024536 -2.071419954299927
v 0.5925760269165039 3.717869997024536 -2.071419954299927
v 0.5925760269165039 3.717869997024536 2.071419954299927
v 0.6236159801483154 -2.760020017623901 -0.6967520117759705
v 0.6236159801483154 -2.760020017623901 0.6967520117759705
v 0.6236159801483154 2.760020017623901 -0.6967520117759705
v 0.6236159801483154 2.760020017623901 0.6967520117759705
v 0.6320440173149109 -3.521080017089844 1.153470039367676
v 0.6320440173149109 -3.521070003509522 -1.153470039367676
v 0.6320440173149109 3.521070003509522 -1.153470039367676
v 0.6320440173149109 3.521070003509522 1.153470039367676
v 0.6376749873161316 -1.847350001335144 -2.173500061035156
v 0.6376749873161316 -1.847350001335144 2.173500061035156
v 0.6376749873161316 1.847350001335144 -2.173500061035156
v 0.6376749873161316 1.847350001335144 2.173500061035156
v 0.646291971206665 -2.596070051193237 -2.650170087814331
v 0.646291971206665 -2.596070051193237 2.650170087814331
v 0.646291971206665 2.596070051193237 -2.650170087814331
v 0.646291971206665 2.596070051193237 2.650170087814331
v 0.6507059931755066 0 -2.112529993057251
v 0.6507059931755066 6.938890181594472e-18 2.112529993057251
v 0.6577180027961731 -0.2696720063686371 -1.770220041275024
v 0.6577180027961731 -0.2696720063686371 1.770220041275024
v 0.6577180027961731 0.2696720063686371 -1.770220041275024
v 0.6577180027961731 0.2696720063686371 1.770220041275024
v 0.6592230200767517 0 -3.297529935836792
v 0.6592230200767517 0 3.297529935836792
v 0.6741799712181091 -3.16877007484436 -0.8675569891929627
v 0.6741799712181091 -3.16877007484436 0.8675569891929627
v 0.6741799712181091 3.16877007484436 -0.8675569891929627
v 0.6741799712181091 3.16877007484436 0.8675569891929627
v 0.675786018371582 -0.5240089893341065 -1.41729998588562
v 0.675786018371582 -0.5240089893341065 1.41729998588562
v 0.675786018371582 0.5240089893341065 -1.41729998588562
v 0.675786018371582 0.5240089893341065 1.41729998588562
v 0.689378023147583 -2.182100057601929 -2.464040040969849
v 0.689378023147583 -2.182100057601929 2.464040040969849
v 0.689378023147583 2.182100057601929 -2.464040040969849
v 0.689378023147583 2.182100057601929 2.464040040969849
v 0.6967520117759705 -0.6236159801483154 -2.760020017623901
v 0.6967520117759705 -0.6236159801483154 2.760020017623901
v 0.6967520117759705 0.6236159801483154 -2.760020017623901
v 0.6967520117759705 0.6236159801483154 2.760020017623901
v 0.7100650072097778 -0.4719260036945343 -2.384429931640625
v 0.7100650072097778 -0.4719260036945343 2.384429931640625
v 0.7100650072097778 0.4719260036945343 -2.384429931640625
v 0.7100650072097778 0.4719260036945343 2.384429931640625
v 0.7496640086174011 -0.320235013961792 -2.051369905471802
v 0.7496640086174011 -0.320235013961792 2.051369905471802
v 0.7496640086174011 0.320235013961792 -2.051369905471802
v 0.7496640086174011 0.320235013961792 2.051369905471802
v 0.7575139999389648 -1.225679993629456 -0.4681690037250519
v 0.7575139999389648 -1.225679993629456 0.4681690037250519
v 0.7575139999389648 1.225679993629456 -0.4681690037250519
v 0.7575139999389648 1.225679993629456 0.4681690037250519
v 0.763592004776001 -1.91251003742218 -1.473659992218018
v 0.763592004776001 -1.91251003742218 1.473659992218018
v 0.763592004776001 1.91251003742218 -1.473659992218018
v 0.763592004776001 1.91251003742218 1.473659992218018
v 0.7808049917221069 -2.17632007598877 -1.046800017356873
v 0.7808049917221069 -2.17632007598877 1.046800017356873
v 0.7808049917221069 2.17632007598877 -1.046800017356873
v 0.7808049917221069 2.17632007598877 1.046800017356873
v 0.8181350231170654 -3.221709966659546 2.30361008644104
v 0.8181350231170654 -3.221699953079224 -2.30361008644104
v 0.8181350231170654 3.221699953079224 -2.30361008644104
v 0.8181350231170654 3.221699953079224 2.30361008644104
v 0.8365780115127564 -3.50435996055603 -1.846259951591492
v 0.8365780115127564 -3.50435996055603 1.846259951591492
v 0.8365780115127564 3.50435996055603 -1.846259951591492
v 0.8365780115127564 3.50435996055603 1.846259951591492
v 0.8501369953155518 -0.4461739957332611 -1.651299953460693
v 0.8501369953155518 -0.4461739957332611 1.651299953460693
v 0.8501369953155518 0.4461739957332611 -1.651299953460693
v 0.8501369953155518 0.4461739957332611 1.651299953460693
v 0.8675569891929627 -0.6741799712181091 -3.16877007484436
v 0.8675569891929627 -0.6741799712181091 3.16877007484436
v 0.8675569891929627 0.6741799712181091 -3.16877007484436
v 0.8675569891929627 0.6741799712181091 3.16877007484436
v 0.8726770281791687 -0.8726770281791687 -0.8726770281791687
v 0.8726770281791687 -0.8726770281791687 0.8726770281791687
v 0.8726770281791687 0.8726770281791687 -0.8726770281791687
v 0.8726770281791687 0.8726770281791687 0.8726770281791687
v 0.9581549763679504 0 3.641779899597168
v 0.9581549763679504 6.938870225862194e-19 -3.641779899597168
v 0.9598529934883118 -0.5454229712486267 -1.215980052947998
v 0.9598529934883118 -0.5454229712486267 1.215980052947998
v 0.9598529934883118 0.5454229712486267 -1.215980052947998
v 0.9598529934883118 0.5454229712486267 1.215980052947998
v 0.9781609773635864 -0.5298320055007935 -1.910150051116943
v 0.9781609773635864 -0.5298320055007935 1.910150051116943
v 0.9781609773635864 0.5298320055007935 -1.910150051116943
v 0.9781609773635864 0.5298320055007935 1.910150051116943
v 1.007650017738342 -1.296939969062805 0
v 1.007650017738342 1.296939969062805 0
v 1.009029984474182 -2.136409997940064 -1.705790042877197
v 1.009029984474182 -2.136409997940064 1.705790042877197
v 1.009029984474182 2.136409997940064 -1.705790042877197
v 1.009029984474182 2.136409997940064 1.705790042877197
v 1.022670030593872 -2.889039993286133 2.176140069961548
v 1.022670030593872 -2.889029979705811 -2.176140069961548
v 1.022670030593872 2.889029979705811 -2.176140069961548
v 1.022670030593872 2.889029979705811 2.176140069961548
v 1.031780004501343 -2.48501992225647 -1.141720056533814
v 1.031780004501343 -2.48501992225647 1.141720056533814
v 1.031780004501343 2.48501992225647 -1.141720056533814
v 1.031780004501343 2.48501992225647 1.141720056533814
v 1.045719981193543 -3.24236011505127 1.604449987411499
v 1.045719981193543 -3.242350101470947 -1.604449987411499
v 1.045719981193543 3.242350101470947 -1.604449987411499
v 1.045719981193543 3.242350101470947 1.604449987411499
v 1.046800017356873 -0.7808049917221069 -2.17632007598877
v 1.046800017356873 -0.7808049917221069 2.17632007598877
v 1.046800017356873 0.7808049917221069 -2.17632007598877
v 1.046800017356873 0.7808049917221069 2.17632007598877
v 1.090849995613098 -2.494600057601929 -1.958410024642944
v 1.090849995613098 -2.494600057601929 1.958410024642944
v 1.090849995613098 2.494590044021606 -1.958410024642944
v 1.090849995613098 2.494600057601929 1.958410024642944
v 1.093440055847168 -1.199790000915527 -0.323855996131897
v 1.093440055847168 -1.199790000915527 0.323855996131897
v 1.093440055847168 1.199790000915527 -0.323855996131897
v 1.093440055847168 1.199790000915527 0.323855996131897
v 1.094059944152832 -0.4363380074501038 -1.500550031661987
v 1.094059944152832 -0.4363380074501038 1.500550031661987
v 1.094059944152832 0.4363380074501038 -1.500550031661987
v 1.094059944152832 0.4363380074501038 1.500550031661987
v 1.115440011024475 -2.871469974517822 -1.348600029945374
v 1.115440011024475 -2.871469974517822 1.348600029945374
v 1.115440011024475 2.871469974517822 -1.348600029945374
v 1.115440011024475 2.871469974517822 1.348600029945374
v 1.141720056533814 -1.031780004501343 -2.48501992225647
v 1.141720056533814 -1.031780004501343 2.48501992225647
v 1.141720056533814 1.031780004501343 -2.48501992225647
v 1.141720056533814 1.031780004501343 2.48501992225647
v 1.153470039367676 -0.6320440173149109 -3.521070003509522
v 1.153470039367676 -0.6320440173149109 3.521070003509522
v 1.153470039367676 0.6320440173149109 -3.521070003509522
v 1.153470039367676 0.6320440173149109 3.521070003509522
v 1.199790000915527 -0.323855996131897 -1.093440055847168
v 1.199790000915527 -0.323855996131897 1.093440055847168
v 1.199790000915527 0.323855996131897 -1.093440055847168
v 1.199790000915527 0.323855996131897 1.093440055847168
v 1.215980052947998 -0.9598529934883118 -0.5454229712486267
v 1.215980052947998 -0.9598529934883118 0.5454229712486267
v 1.215980052947998 0.9598529934883118 -0.5454229712486267
v 1.215980052947998 0.9598529934883118 0.5454229712486267
v 1.225679993629456 -0.4681690037250519 -0.7575139999389648
v 1.225679993629456 -0.4681690037250519 0.7575139999389648
v 1.225679993629456 0.4681690037250519 -0.7575139999389648
v 1.225679993629456 0.4681690037250519 0.7575139999389648
v 1.267820000648499 -0.5181519985198975 -1.73114001750946
v 1.267820000648499 -0.5181519985198975 1.73114001750946
v 1.267820000648499 0.5181519985198975 -1.73114001750946
v 1.267820000648499 0.5181519985198975 1.73114001750946
v 1.296309947967529 -0.275750994682312 -1.375550031661987
v 1.296309947967529 -0.275750994682312 1.375550031661987
v 1.296309947967529 0.275750994682312 -1.375550031661987
v 1.296309947967529 0.275750994682312 1.375550031661987
v 1.296939969062805 0 -1.007650017738342
v 1.296939969062805 0 1.007650017738342
v 1.329229950904846 0 3.823899984359741
v 1.329229950904846 2.775549951501256e-18 -3.823899984359741
v 1.333889961242676 -1.363729953765869 0
v 1.333889961242676 1.363729953765869 0
v 1.348600029945374 -1.115440011024475 -2.871469974517822
v 1.348600029945374 -1.115440011024475 2.871469974517822
v 1.348600029945374 1.115440011024475 -2.871469974517822
v 1.348600029945374 1.115440011024475 2.871469974517822
v 1.363729953765869 0 -1.333889961242676
v 1.363729953765869 0 1.333889961242676
v 1.375550031661987 -1.296309947967529 -0.275750994682312
v 1.375550031661987 -1.296309947967529 0.275750994682312
v 1.375550031661987 1.296309947967529 -0.275750994682312
v 1.375550031661987 1.296309947967529 0.275750994682312
v 1.412019968032837 0 -0.5393440127372742
v 1.412019968032837 0 0.5393440127372742
v 1.41729998588562 -0.675786018371582 -0.5240089893341065
v 1.41729998588562 -0.675786018371582 0.5240089893341065
v 1.41729998588562 0.675786018371582 -0.5240089893341065
v 1.41729998588562 0.675786018371582 0.5240089893341065
v 1.473659992218018 -0.763592004776001 -1.91251003742218
v 1.473659992218018 -0.763592004776001 1.91251003742218
v 1.473659992218018 0.763592004776001 -1.91251003742218
v 1.473659992218018 0.763592004776001 1.91251003742218
v 1.485479950904846 -0.5056350231170654 -3.727329969406128
v 1.485479950904846 -0.5056350231170654 3.727329969406128
v 1.485479950904846 0.5056350231170654 -3.727329969406128
v 1.485479950904846 0.5056350231170654 3.727329969406128
v 1.500550031661987 -1.094059944152832 -0.4363380074501038
v 1.500550031661987 -1.094059944152832 0.4363380074501038
v 1.500550031661987 1.094059944152832 -0.4363380074501038
v 1.500550031661987 1.094059944152832 0.4363380074501038
v 1.507990002632141 -0.327454000711441 -1.58270001411438
v 1.507990002632141 -0.327454000711441 1.58270001411438
v 1.507990002632141 0.327454000711441 -1.58270001411438
v 1.507990002632141 0.327454000711441 1.58270001411438
v 1.515030026435852 0 0
v 1.533220052719116 -1.588050007820129 0
v 1.533220052719116 1.588050007820129 0
v 1.553069949150085 -0.4144299924373627 -0.3370899856090546
v 1.553069949150085 -0.4144299924373627 0.3370899856090546
v 1.553069949150085 0.4144299924373627 -0.3370899856090546
v 1.553069949150085 0.4144299924373627 0.3370899856090546
v 1.58270001411438 -1.507990002632141 -0.327454000711441
v 1.58270001411438 -1.507990002632141 0.327454000711441
v 1.58270001411438 1.507990002632141 -0.327454000711441
v 1.58270001411438 1.507990002632141 0.327454000711441
v 1.588050007820129 0 -1.533220052719116
v 1.588050007820129 0 1.533220052719116
v 1.604449987411499 -1.045719981193543 -3.242350101470947
v 1.604449987411499 -1.045719981193543 3.242350101470947
v 1.604449987411499 1.045719981193543 -3.242350101470947
v 1.604449987411499 1.045719981193543 3.242350101470947
v 1.617449998855591 -0.3519299924373627 0
v 1.617449998855591 0.3519299924373627 0
v 1.620849967002869 -1.945580005645752 0
v 1.620849967002869 1.945590019226074 0
v 1.651299953460693 -0.8501369953155518 -0.4461739957332611
v 1.651299953460693 -0.8501369953155518 0.4461739957332611
v 1.651299953460693 0.8501369953155518 -0.4461739957332611
v 1.651299953460693 0.8501369953155518 0.4461739957332611
v 1.69376003742218 -1.827600002288818 -0.4825649857521057
v 1.69376003742218 -1.827600002288818 0.4825649857521057
v 1.69376003742218 1.827600002288818 -0.4825649857521057
v 1.69376003742218 1.827600002288818 0.4825649857521057
v 1.705189943313599 0 3.944220066070557
v 1.705189943313599 5.204160088172764e-18 -3.944220066070557
v 1.705790042877197 -1.009029984474182 -2.136409997940064
v 1.705790042877197 -1.009029984474182 2.136409997940064
v 1.705790042877197 1.009029984474182 -2.136409997940064
v 1.705790042877197 1.009029984474182 2.136409997940064
v 1.73114001750946 -1.267820000648499 -0.5181519985198975
v 1.73114001750946 -1.267820000648499 0.5181519985198975
v 1.73114001750946 1.267820000648499 -0.5181519985198975
v 1.73114001750946 1.267820000648499 0.5181519985198975
v 1.751000046730042 -2.329400062561035 0
v 1.751000046730042 2.329400062561035 0
v 1.770220041275024 -0.6577180027961731 -0.2696720063686371
v 1.770220041275024 -0.6577180027961731 0.2696720063686371
v 1.770220041275024 0.6577180027961731 -0.2696720063686371
v 1.770220041275024 0.6577180027961731 0.2696720063686371
v 1.815860033035278 -0.3581579923629761 -3.875809907913208
v 1.815860033035278 -0.3581579923629761 3.875809907913208
v 1.815860033035278 0.3581579923629761 -3.875809907913208
v 1.815860033035278 0.3581579923629761 3.875809907913208
v 1.821720004081726 -0.5743849873542786 0
v 1.821720004081726 0.5743849873542786 0
v 1.827600002288818 -0.4825649857521057 -1.69376003742218
v 1.827600002288818 -0.4825649857521057 1.69376003742218
v 1.827600002288818 0.4825649857521057 -1.69376003742218
v 1.827600002288818 0.4825649857521057 1.69376003742218
v 1.846259951591492 -0.8365780115127564 -3.50435996055603
v 1.846259951591492 -0.8365780115127564 3.50435996055603
v 1.846259951591492 0.8365780115127564 -3.50435996055603
v 1.846259951591492 0.8365780115127564 3.50435996055603
v 1.847350001335144 -2.173500061035156 -0.6376749873161316
v 1.847350001335144 -2.173500061035156 0.6376749873161316
v 1.847350001335144 2.173500061035156 -0.6376749873161316
v 1.847350001335144 2.173500061035156 0.6376749873161316
v 1.910150051116943 -0.9781609773635864 -0.5298320055007935
v 1.910150051116943 -0.9781609773635864 0.5298320055007935
v 1.910150051116943 0.9781609773635864 -0.5298320055007935
v 1.910150051116943 0.9781609773635864 0.5298320055007935
v 1.91251003742218 -1.473659992218018 -0.763592004776001
v 1.91251003742218 -1.473659992218018 0.763592004776001
v 1.91251003742218 1.473659992218018 -0.763592004776001
v 1.91251003742218 1.473659992218018 0.763592004776001
v 1.945590019226074 0 -1.620849967002869
v 1.945590019226074 0 1.620849967002869
v 1.958410024642944 -1.090849995613098 -2.494590044021606
v 1.958410024642944 -1.090849995613098 2.494590044021606
v 1.958410024642944 1.090849995613098 -2.494590044021606
v 1.958410024642944 1.090849995613098 2.494600057601929
v 2.018790006637573 0 4.10306978225708
v 2.018790006637573 6.938879841836815e-18 -4.10306978225708
v 2.051369905471802 -0.7496640086174011 -0.320235013961792
v 2.051369905471802 -0.7496640086174011 0.320235013961792
v 2.051369905471802 0.7496640086174011 -0.320235013961792
v 2.051369905471802 0.7496640086174011 0.320235013961792
v 2.071419954299927 -0.5925760269165039 -3.717869997024536
v 2.071419954299927 -0.5925760269165039 3.717869997024536
v 2.071419954299927 0.5925760269165039 -3.717869997024536
v 2.071419954299927 0.5925760269165039 3.717869997024536
v 2.077939987182617 -2.632580041885376 0
v 2.077939987182617 2.632590055465698 0
v 2.096920013427734 -0.2528179883956909 -4.054790019989014
v 2.096920013427734 -0.2528179883956909 4.054790019989014
v 2.096920013427734 0.2528179883956909 -4.054790019989014
v 2.096920013427734 0.2528179883956909 4.054790019989014
v 2.112529993057251 -0.6507059931755066 0
v 2.112529993057251 0.6507059931755066 -6.938890181594472e-18
v 2.136409997940064 -1.705790042877197 -1.009029984474182
v 2.136409997940064 -1.705790042877197 1.009029984474182
v 2.136409997940064 1.705790042877197 -1.009029984474182
v 2.136409997940064 1.705790042877197 1.009029984474182
v 2.173500061035156 -0.6376749873161316 -1.847350001335144
v 2.173500061035156 -0.6376749873161316 1.847350001335144
v 2.173500061035156 0.6376749873161316 -1.847350001335144
v 2.173500061035156 0.6376749873161316 1.847350001335144
v 2.176140069961548 -1.022670030593872 -2.889029979705811
v 2.176140069961548 -1.022670030593872 2.889029979705811
v 2.176140069961548 1.022670030593872 -2.889029979705811
v 2.176140069961548 1.022670030593872 2.889029979705811
v 2.17632007598877 -1.046800017356873 -0.7808049917221069
v 2.17632007598877 -1.046800017356873 0.7808049917221069
v 2.17632007598877 1.046800017356873 -0.7808049917221069
v 2.17632007598877 1.046800017356873 0.7808049917221069
v 2.182100057601929 -2.464040040969849 -0.689378023147583
v 2.182100057601929 -2.464040040969849 0.689378023147583
v 2.182100057601929 2.464040040969849 -0.689378023147583
v 2.182100057601929 2.464040040969849 0.689378023147583
v 2.277309894561768 -0.4182890057563782 -3.943300008773804
v 2.277309894561768 -0.4182890057563782 3.943300008773804
v 2.277309894561768 0.4182890057563782 -3.943300008773804
v 2.277309894561768 0.4182890057563782 3.943300008773804
v 2.285629987716675 0 4.290820121765137
v 2.285629987716675 7.979730305599028e-18 -4.290820121765137
v 2.30361008644104 -0.8181350231170654 -3.221699953079224
v 2.30361008644104 -0.8181350231170654 3.221699953079224
v 2.30361008644104 0.8181350231170654 -3.221699953079224
v 2.30361008644104 0.8181350231170654 3.221699953079224
v 2.329400062561035 0 -1.751000046730042
v 2.329400062561035 0 1.751000046730042
v 2.340970039367676 -0.179078996181488 -4.256619930267334
v 2.340970039367676 -0.179078996181488 4.256619930267334
v 2.340970039367676 0.179078996181488 -4.256619930267334
v 2.340970039367676 0.179078996181488 4.256619930267334
v 2.384429931640625 -0.7100650072097778 -0.4719260036945343
v 2.384429931640625 -0.7100650072097778 0.4719260036945343
v 2.384429931640625 0.7100650072097778 -0.4719260036945343
v 2.384429931640625 0.7100650072097778 0.4719260036945343
v 2.395370006561279 -0.5795120000839233 -3.517659902572632
v 2.395370006561279 -0.5795120000839233 3.517659902572632
v 2.395370006561279 0.5795120000839233 -3.517659902572632
v 2.395370006561279 0.5795120000839233 3.517659902572632
v 2.464040040969849 -0.689378023147583 -2.182100057601929
v 2.464040040969849 -0.689378023147583 2.182100057601929
v 2.464040040969849 0.689378023147583 -2.182100057601929
v 2.464040040969849 0.689378023147583 2.182100057601929
v 2.46875 -0.296288013458252 -4.177649974822998
v 2.46875 -0.296288013458252 4.177649974822998
v 2.46875 0.296288013458252 -4.177649974822998
v 2.46875 0.296288013458252 4.177649974822998
v 2.474560022354126 -0.5642309784889221 0
v 2.474560022354126 0.5642309784889221 0
v 2.48501992225647 -1.141720056533814 -1.031780004501343
v 2.48501992225647 -1.141720056533814 1.031780004501343
v 2.48501992225647 1.141720056533814 -1.031780004501343
v 2.48501992225647 1.141720056533814 1.031780004501343
v 2.494590044021606 -1.958410024642944 1.090849995613098
v 2.494590044021606 1.958410024642944 -1.090849995613098
v 2.494600057601929 -1.958410024642944 -1.090849995613098
v 2.494600057601929 1.958410024642944 1.090849995613098
v 2.498420000076294 -2.808180093765259 0
v 2.498420000076294 2.808180093765259 0
v 2.505980014801025 -0.4090679883956909 -3.8019700050354
v 2.505980014801025 -0.4090679883956909 3.8019700050354
v 2.505980014801025 0.4090679883956909 -3.8019700050354
v 2.505980014801025 0.4090679883956909 3.8019700050354
v 2.521290063858032 0 4.497849941253662
v 2.521290063858032 1.526560000669265e-17 -4.497849941253662
v 2.560359954833984 -0.1264089941978455 -4.473710060119629
v 2.560359954833984 -0.1264089941978455 4.473710060119629
v 2.560359954833984 0.1264089941978455 -4.473710060119629
v 2.560359954833984 0.1264089941978455 4.473710060119629
v 2.596070051193237 -2.650170087814331 -0.646291971206665
v 2.596070051193237 -2.650170087814331 0.646291971206665
v 2.596070051193237 2.650170087814331 -0.646291971206665
v 2.596070051193237 2.650170087814331 0.646291971206665
v 2.630719900131226 -0.2897560000419617 -4.077539920806885
v 2.630719900131226 -0.2897560000419617 4.077539920806885
v 2.630719900131226 0.2897560000419617 -4.077539920806885
v 2.630719900131226 0.2897560000419617 4.077539920806885
v 2.632590055465698 0 -2.077939987182617
v 2.632590055465698 0 2.077939987182617
v 2.650170087814331 -0.646291971206665 -2.596070051193237
v 2.650170087814331 -0.646291971206665 2.596070051193237
v 2.650170087814331 0.646291971206665 -2.596070051193237
v 2.650170087814331 0.646291971206665 2.596070051193237
v 2.65054988861084 -0.2091439962387085 -4.417960166931152
v 2.65054988861084 -0.2091439962387085 4.417960166931152
v 2.65054988861084 0.2091439962387085 -4.417960166931152
v 2.65054988861084 0.2091439962387085 4.417960166931152
v 2.663990020751953 -0.3662320077419281 -3.351639986038208
v 2.663990020751953 -0.3662320077419281 3.351639986038208
v 2.663990020751953 0.3662320077419281 -3.351639986038208
v 2.663990020751953 0.3662320077419281 3.351639986038208
v 2.668989896774292 0 4.602499961853027
v 2.668989896774292 1.912049988920617e-17 -4.602499961853027
v 2.68284010887146 -0.5170339941978455 -2.987329959869385
v 2.68284010887146 -0.5170339941978455 2.987329959869385
v 2.68284010887146 0.5170339941978455 -2.987329959869385
v 2.68284010887146 0.5170339941978455 2.987329959869385
v 2.695590019226074 -0.2585169970989227 -3.68477988243103
v 2.695590019226074 -0.2585169970989227 3.68477988243103
v 2.695590019226074 0.2585169970989227 -3.68477988243103
v 2.695590019226074 0.2585169970989227 3.68477988243103
v 2.740309953689575 -0.07373840361833572 -4.626989841461182
v 2.740309953689575 -0.07373840361833572 4.626989841461182
v 2.740309953689575 0.07373840361833572 -4.626989841461182
v 2.740309953689575 0.07373840361833572 4.626989841461182
v 2.753530025482178 0 3.296309947967529
v 2.753530025482178 3.469449847085758e-18 -3.296309947967529
v 2.756740093231201 -0.1419820040464401 -4.54826021194458
v 2.756740093231201 -0.1419820040464401 4.54826021194458
v 2.756740093231201 0.1419820040464401 -4.54826021194458
v 2.756740093231201 0.1419820040464401 4.54826021194458
v 2.758800029754639 0 3.6457200050354
v 2.758800029754639 1.387779938834303e-17 -3.6457200050354
v 2.760020017623901 -0.6967520117759705 -0.6236159801483154
v 2.760020017623901 -0.6967520117759705 0.6236159801483154
v 2.760020017623901 0.6967520117759705 -0.6236159801483154
v 2.760020017623901 0.6967520117759705 0.6236159801483154
v 2.76488995552063 -0.2045339941978455 -4.347300052642822
v 2.76488995552063 -0.2045339941978455 4.347300052642822
v 2.76488995552063 0.2045339941978455 -4.347300052642822
v 2.76488995552063 0.2045339941978455 4.347300052642822
v 2.765029907226563 -0.1831160038709641 -3.994539976119995
v 2.765029907226563 -0.1831160038709641 3.994539976119995
v 2.765029907226563 0.1831160038709641 -3.994539976119995
v 2.765029907226563 0.1831160038709641 3.994539976119995
v 2.808180093765259 0 -2.498420000076294
v 2.808180093765259 0 2.498420000076294
v 2.809240102767944 0 -2.909209966659546
v 2.809240102767944 0 2.909209966659546
v 2.809799909591675 0 3.966870069503784
v 2.809799909591675 2.255140022461482e-17 -3.966870069503784
v 2.859620094299316 -0.1193109974265099 -4.553249835968018
v 2.859620094299316 -0.1193109974265099 4.553249835968018
v 2.859620094299316 0.1193109974265099 -4.553249835968018
v 2.859620094299316 0.1193109974265099 4.553249835968018
v 2.859699964523315 -0.129259005188942 -4.288700103759766
v 2.859699964523315 -0.129259005188942 4.288700103759766
v 2.859699964523315 0.129259005188942 -4.288700103759766
v 2.859699964523315 0.129259005188942 4.288700103759766
v 2.866080045700073 0 4.637430191040039
v 2.866080045700073 1.387779938834303e-17 -4.637430191040039
v 2.871469974517822 -1.348600029945374 -1.115440011024475
v 2.871469974517822 -1.348600029945374 1.115440011024475
v 2.871469974517822 1.348600029945374 -1.115440011024475
v 2.871469974517822 1.348600029945374 1.115440011024475
v 2.879120111465454 -0.5040429830551148 0
v 2.879120111465454 0.5040429830551148 0
v 2.889029979705811 -2.176140069961548 -1.022670030593872
v 2.889029979705811 -2.176140069961548 1.022670030593872
v 2.889029979705811 2.176140069961548 -1.022670030593872
v 2.889029979705811 2.176140069961548 1.022670030593872
v 2.891299962997437 0 4.269169807434082
v 2.891299962997437 2.081669990969516e-17 -4.269169807434082
v 2.898720026016235 -0.08774950355291367 -4.460519790649414
v 2.898720026016235 -0.08774950355291367 4.460519790649414
v 2.898720026016235 0.08774950355291367 -4.460519790649414
v 2.898720026016235 0.08774950355291367 4.460519790649414
v 2.909209966659546 -2.809240102767944 0
v 2.909209966659546 2.809240102767944 0
v 2.933360099792481 0 4.50767993927002
v 2.933360099792481 1.561249970326269e-17 -4.50767993927002
v 2.987329959869385 -2.68284010887146 -0.5170339941978455
v 2.987329959869385 -2.68284010887146 0.5170339941978455
v 2.987329959869385 2.68284010887146 -0.5170339941978455
v 2.987329959869385 2.68284010887146 0.5170339941978455
v 3.16877007484436 -0.8675569891929627 -0.6741799712181091
v 3.16877007484436 -0.8675569891929627 0.6741799712181091
v 3.16877007484436 0.8675569891929627 -0.6741799712181091
v 3.16877007484436 0.8675569891929627 0.6741799712181091
v 3.221699953079224 -2.30361008644104 -0.8181350231170654
v 3.221699953079224 -2.30361008644104 0.8181350231170654
v 3.221699953079224 2.30361008644104 -0.8181350231170654
v 3.221699953079224 2.30361008644104 0.8181350231170654
v 3.242350101470947 -1.604449987411499 -1.045719981193543
v 3.242350101470947 -1.604449987411499 1.045719981193543
v 3.242350101470947 1.604449987411499 -1.045719981193543
v 3.242350101470947 1.604449987411499 1.045719981193543
v 3.296309947967529 -2.753530025482178 -3.469449847085758e-18
v 3.296309947967529 2.753530025482178 3.469449847085758e-18
v 3.297529935836792 -0.6592230200767517 0
v 3.297529935836792 0.6592230200767517 0
v 3.351639986038208 -2.663990020751953 -0.3662320077419281
v 3.351639986038208 -2.663990020751953 0.3662320077419281
v 3.351639986038208 2.663990020751953 -0.3662320077419281
v 3.351639986038208 2.663990020751953 0.3662320077419281
v 3.50435996055603 -1.846259951591492 -0.8365780115127564
v 3.50435996055603 -1.846259951591492 0.8365780115127564
v 3.50435996055603 1.846259951591492 -0.8365780115127564
v 3.50435996055603 1.846259951591492 0.8365780115127564
v 3.517659902572632 -2.395370006561279 -0.5795120000839233
v 3.517659902572632 -2.395370006561279 0.5795120000839233
v 3.517659902572632 2.395370006561279 -0.5795120000839233
v 3.517659902572632 2.395370006561279 0.5795120000839233
v 3.521070003509522 -1.153470039367676 -0.6320440173149109
v 3.521070003509522 -1.153470039367676 0.6320440173149109
v 3.521070003509522 1.153470039367676 -0.6320440173149109
v 3.521070003509522 1.153470039367676 0.6320440173149109
v 3.641779899597168 -0.9581549763679504 0
v 3.641779899597168 0.958154022693634 0
v 3.6457200050354 -2.758800029754639 -1.387779938834303e-17
v 3.6457200050354 2.758800029754639 1.387779938834303e-17
v 3.68477988243103 -2.695590019226074 -0.2585169970989227
v 3.68477988243103 -2.695590019226074 0.2585169970989227
v 3.68477988243103 2.695590019226074 -0.2585169970989227
v 3.68477988243103 2.695590019226074 0.2585169970989227
v 3.717869997024536 -2.071419954299927 -0.5925760269165039
v 3.717869997024536 -2.071419954299927 0.5925760269165039
v 3.717869997024536 2.071419954299927 -0.5925760269165039
v 3.717869997024536 2.071419954299927 0.5925760269165039
v 3.727329969406128 -1.485479950904846 -0.5056350231170654
v 3.727329969406128 -1.485479950904846 0.5056350231170654
v 3.727329969406128 1.485470056533814 -0.5056350231170654
v 3.727329969406128 1.485470056533814 0.5056350231170654
v 3.8019700050354 -2.505980014801025 -0.4090679883956909
v 3.8019700050354 -2.505980014801025 0.4090679883956909
v 3.8019700050354 2.505980014801025 -0.4090679883956909
v 3.8019700050354 2.505980014801025 0.4090679883956909
v 3.823899984359741 -1.329229950904846 0
v 3.823899984359741 1.329220056533814 0
v 3.875809907913208 -1.815860033035278 -0.3581579923629761
v 3.875809907913208 -1.815860033035278 0.3581579923629761
v 3.875809907913208 1.815860033035278 -0.3581579923629761
v 3.875809907913208 1.815860033035278 0.3581579923629761
v 3.943300008773804 -2.277309894561768 -0.4182890057563782
v 3.943300008773804 -2.277309894561768 0.4182890057563782
v 3.943300008773804 2.277299880981445 -0.4182890057563782
v 3.943300008773804 2.277299880981445 0.4182890057563782
v 3.944220066070557 -1.705189943313599 0
v 3.944220066070557 1.705180048942566 6.938889871401742e-19
v 3.966870069503784 -2.809799909591675 -5.204170014340115e-18
v 3.966870069503784 2.809799909591675 2.428610053953447e-17
v 3.994539976119995 -2.765029907226563 -0.1831160038709641
v 3.994539976119995 -2.765029907226563 0.1831160038709641
v 3.994539976119995 2.765029907226563 -0.1831160038709641
v 3.994539976119995 2.765029907226563 0.1831160038709641
v 4.054790019989014 -2.096920013427734 -0.2528179883956909
v 4.054790019989014 -2.096920013427734 0.2528179883956909
v 4.054790019989014 2.096909999847412 -0.2528179883956909
v 4.054790019989014 2.096909999847412 0.2528179883956909
v 4.077539920806885 -2.630719900131226 -0.2897560000419617
v 4.077539920806885 -2.630719900131226 0.2897560000419617
v 4.077539920806885 2.630719900131226 -0.2897560000419617
v 4.077539920806885 2.630719900131226 0.2897560000419617
v 4.10306978225708 -2.018790006637573 0
v 4.10306978225708 2.018790006637573 2.77556008446376e-18
v 4.177649974822998 -2.46875 -0.296288013458252
v 4.177649974822998 -2.46875 0.296288013458252
v 4.177649974822998 2.468739986419678 -0.296288013458252
v 4.177649974822998 2.468739986419678 0.296288013458252
v 4.256619930267334 -2.340970039367676 -0.179078996181488
v 4.256619930267334 -2.340970039367676 0.179078996181488
v 4.256619930267334 2.340970039367676 -0.179078996181488
v 4.256619930267334 2.340970039367676 0.179078996181488
v 4.269169807434082 -2.891299962997437 -6.938890181594472e-18
v 4.269169807434082 2.891289949417114 2.775559877668607e-17
v 4.288700103759766 -2.859699964523315 -0.129259005188942
v 4.288700103759766 -2.859699964523315 0.129259005188942
v 4.288710117340088 2.859689950942993 -0.129259005188942
v 4.288710117340088 2.859689950942993 0.129259005188942
v 4.290820121765137 -2.285629987716675 0
v 4.290830135345459 2.285629987716675 8.743020314819072e-18
v 4.347300052642822 -2.76488995552063 -0.2045339941978455
v 4.347300052642822 -2.76488995552063 0.2045339941978455
v 4.347300052642822 2.76488995552063 -0.2045339941978455
v 4.347300052642822 2.76488995552063 0.2045339941978455
v 4.417960166931152 -2.65054988861084 -0.2091439962387085
v 4.417960166931152 -2.65054988861084 0.2091439962387085
v 4.417960166931152 2.65054988861084 -0.2091439962387085
v 4.417960166931152 2.65054988861084 0.2091439962387085
v 4.460519790649414 -2.898720026016235 -0.08774950355291367
v 4.460519790649414 -2.898720026016235 0.08774950355291367
v 4.460519790649414 2.898710012435913 -0.08774950355291367
v 4.460519790649414 2.898710012435913 0.08774950355291367
v 4.473710060119629 -2.560359954833984 -0.1264089941978455
v 4.473710060119629 -2.560359954833984 0.1264089941978455
v 4.473710060119629 2.560349941253662 -0.1264089941978455
v 4.473710060119629 2.560349941253662 0.1264089941978455
v 4.497849941253662 -2.521290063858032 0
v 4.497849941253662 2.521290063858032 1.41553995475546e-17
v 4.50767993927002 -2.933360099792481 -1.734719960459204e-18
v 4.50767993927002 2.933360099792481 2.775559877668607e-17
v 4.54826021194458 -2.756740093231201 -0.1419820040464401
v 4.54826021194458 -2.756740093231201 0.1419820040464401
v 4.548270225524902 2.756730079650879 -0.1419820040464401
v 4.548270225524902 2.756730079650879 0.1419820040464401
v 4.553249835968018 -2.859620094299316 -0.1193109974265099
v 4.553249835968018 -2.859620094299316 0.1193109974265099
v 4.553249835968018 2.859620094299316 -0.1193109974265099
v 4.553249835968018 2.859620094299316 0.1193109974265099
v 4.602499961853027 -2.668989896774292 0
v 4.602499961853027 2.66897988319397 2.17111005275467e-17
v 4.626989841461182 -2.740309953689575 -0.07373840361833572
v 4.626989841461182 -2.740309953689575 0.07373840361833572
v 4.626989841461182 2.740309953689575 -0.07373840361833572
v 4.626989841461182 2.740309953689575 0.07373840361833572
v 4.637430191040039 -2.866080045700073 0
v 4.637430191040039 2.866070032119751 2.775559877668607e-17
