# Rhino

g Craneo_craneo_malla
v -0.2605310082435608 0.9822369813919067 0.04189499840140343
v -0.2581619918346405 0.9476510286331177 -0.02382499910891056
v -0.25798699259758 0.965345025062561 0.04658100008964539
v -0.2561799883842468 1.00562596321106 0.02643799968063831
v -0.2532700002193451 0.9800019860267639 -0.03628699854016304
v -0.2523399889469147 0.9228649735450745 -0.01420299988240004
v -0.2464769929647446 1.066987037658691 -0.04833900183439255
v -0.2448530048131943 0.9456539750099182 0.04961699992418289
v -0.2438450008630753 0.9177410006523132 -0.08983899652957916
v -0.2432180047035217 0.8899989724159241 -0.07461299747228622
v -0.2414969950914383 0.9525840282440186 -0.1015300005674362
v -0.2410729974508286 1.003980994224548 0.1217299997806549
v -0.2394739985466003 1.073896050453186 0.001981999957934022
v -0.239100992679596 1.012830018997192 0.1125610023736954
v -0.2368759959936142 1.042742967605591 -0.1171019971370697
v -0.2363529950380325 0.8938940167427063 0.00128600001335144
v -0.2349459975957871 0.8642839789390564 -0.1186140030622482
v -0.2348760068416596 0.9370390176773071 0.05705099925398827
v -0.2336360067129135 0.9909989833831787 0.1225930005311966
v -0.2322379946708679 0.8897979855537415 -0.137375995516777
v -0.2292480021715164 1.012074947357178 0.1761389970779419
v -0.2267609983682632 1.026487946510315 0.1730410009622574
v -0.2259950041770935 0.859611988067627 -0.05345200002193451
v -0.2243430018424988 0.9215800166130066 -0.1601130068302155
v -0.2242009937763214 1.014039993286133 0.1970279961824417
v -0.2238799929618835 1.000777959823608 -0.1866260021924973
v -0.2234320044517517 0.8777289986610413 0.01708200015127659
v -0.2226320058107376 0.9888460040092468 0.1759240031242371
v -0.2222460061311722 0.9879840016365051 0.1214929968118668
v -0.2220830023288727 0.9803259968757629 0.1988040059804916
v -0.2209720015525818 1.038104057312012 0.1615709960460663
v -0.2192450016736984 0.9294400215148926 0.06944599747657776
v -0.2191340029239655 1.021075010299683 0.0970430001616478
v -0.2189140021800995 0.8339920043945313 -0.08853700011968613
v -0.2186840027570725 1.141420960426331 -0.1264130026102066
v -0.2184650003910065 1.168437957763672 -0.06030400097370148
v -0.2155150026082993 1.172937035560608 -0.001387999975122511
v -0.2132879942655563 0.9737390279769898 0.220440000295639
v -0.2130330055952072 0.8444139957427979 -0.03609799966216087
v -0.2128310054540634 0.8896250128746033 -0.200764998793602
v -0.2122679948806763 1.07266902923584 0.08011099696159363
v -0.211434006690979 0.8401529788970947 -0.1494340002536774
v -0.2114060074090958 1.005517959594727 0.227620005607605
v -0.2107920050621033 1.041733026504517 0.2002909928560257
v -0.2104739993810654 0.9666569828987122 0.18852299451828
v -0.2102590054273605 0.8613349795341492 -0.1744700074195862
v -0.2097489982843399 1.087630987167358 -0.1969680041074753
v -0.2091280072927475 1.079174995422363 0.1850930005311966
v -0.2090519964694977 0.8229230046272278 -0.07285899668931961
v -0.2073370069265366 0.9670500159263611 -0.2443969994783402
v -0.206616997718811 0.9793689846992493 0.1711319983005524
v -0.2053000032901764 0.9874460101127625 0.1143980026245117
v -0.2046730071306229 1.035092949867249 0.1409119963645935
v -0.2027470022439957 0.8133140206336975 -0.1205469965934753
v -0.2018679976463318 0.864700973033905 0.03562600165605545
v -0.1984689980745316 0.9542220234870911 0.211326003074646
v -0.1980309933423996 1.159927010536194 0.07005500048398972
v -0.1980250030755997 1.026332020759583 0.2337120026350021
v -0.1957959979772568 1.070973992347717 0.1307400017976761
v -0.1941590011119843 1.053292989730835 0.2032919973134995
v -0.1938160061836243 1.081184029579163 0.1926330029964447
v -0.192784994840622 1.127418041229248 0.1795970052480698
v -0.1896049976348877 0.8315749764442444 -0.01298800017684698
v -0.1888809949159622 0.8000940084457398 -0.1016829982399941
v -0.1866219937801361 1.131904006004334 0.1308059990406036
v -0.1862359941005707 1.040550947189331 -0.2584629952907562
v -0.1854480057954788 0.9672650098800659 0.1278389990329742
v -0.183790996670723 1.038045048713684 0.2249590009450913
v -0.1821870058774948 0.9909589886665344 0.2483340054750443
v -0.1812260001897812 1.218796014785767 -0.1158239990472794
v -0.1808339953422546 0.8714640140533447 -0.2283609956502914
v -0.180757999420166 1.11923098564148 0.1923490017652512
v -0.1797010004520416 0.9162139892578125 0.10521300137043
v -0.1790219992399216 0.8407419919967651 -0.2002200037240982
v -0.178395003080368 1.055147051811218 0.1977020055055618
v -0.178166002035141 1.237905979156494 -0.03943299874663353
v -0.1781470030546188 1.073760032653809 0.1865220069885254
v -0.1776269972324371 0.8712149858474731 0.08181799948215485
v -0.1768089979887009 1.234544038772583 0.01294100005179644
v -0.1762170046567917 0.8170959949493408 -0.1752640008926392
v -0.1759530007839203 0.9546340107917786 0.2449669986963272
v -0.1758610010147095 0.9681869745254517 0.161763995885849
v -0.1751919984817505 0.9455919861793518 -0.2758159935474396
v -0.1747850030660629 0.8138660192489624 -0.04569099843502045
v -0.1744289994239807 1.022287011146545 0.2460740059614182
v -0.1731760054826737 0.8429039716720581 0.03974800184369087
v -0.1720499992370606 1.045724034309387 0.1795990020036697
v -0.1720169931650162 1.184434056282044 0.1606020033359528
v -0.1718329936265945 1.0555499792099 0.1628199964761734
v -0.171655997633934 0.9619849920272827 0.1776359975337982
v -0.1710270047187805 1.172636985778809 -0.1873610019683838
v -0.1702409982681274 0.7932350039482117 -0.1460659950971603
v -0.1693239957094193 0.9488450288772583 0.2053589969873428
v -0.1689099967479706 0.8270779848098755 -0.0005869999877177179
v -0.167943999171257 0.788336992263794 -0.07784800231456757
v -0.1674550026655197 1.100515961647034 0.1804829984903336
v -0.1670790016651154 0.8017929792404175 0.1843910068273544
v -0.1665350049734116 1.037042021751404 0.2104900032281876
v -0.1662099957466126 1.167822957038879 0.1864559948444367
v -0.1654130071401596 0.7883120179176331 0.1868250072002411
v -0.1648679971694946 1.207947969436646 0.09291400015354157
v -0.1636669933795929 0.7812399864196777 -0.1248010024428368
v -0.1627490073442459 1.079318046569824 0.1519449949264526
v -0.1623509973287582 1.032801032066345 0.2363280057907105
v -0.161425992846489 1.031103014945984 0.1854770034551621
v -0.1611060053110123 0.9079599976539612 0.1372340023517609
v -0.1608249992132187 0.8113660216331482 0.2324970066547394
v -0.1596110016107559 0.7850049734115601 0.1735469996929169
v -0.1594969928264618 0.7991139888763428 0.2358690053224564
v -0.1591960042715073 0.8677909970283508 0.2247080057859421
v -0.157602995634079 0.8485829830169678 0.2231619954109192
v -0.1568920016288757 0.8370260000228882 0.1762340068817139
v -0.1564559936523438 1.154613018035889 0.1981340050697327
v -0.156360998749733 0.8647710084915161 0.1750240027904511
v -0.1557040065526962 0.8549379706382752 0.2591809928417206
v -0.1553100049495697 0.8105430006980896 0.2694860100746155
v -0.1547109931707382 1.011734008789063 -0.2899990081787109
v -0.154559001326561 0.8754990100860596 0.2639180123806
v -0.153096005320549 0.8219349980354309 0.2670510113239288
v -0.1525640040636063 0.8600159883499146 0.2828649878501892
v -0.1525039970874786 0.8535900115966797 0.07309100031852722
v -0.1511240005493164 0.8474649786949158 0.2733510136604309
v -0.1506129950284958 0.9418269991874695 0.2496249973773956
v -0.1502020061016083 0.8117030262947083 -0.03409299999475479
v -0.1501690000295639 0.7900599837303162 0.2420019954442978
v -0.1498430073261261 0.8254789710044861 0.2831520140171051
v -0.1497090011835098 0.7760159969329834 0.1861799955368042
v -0.1495050042867661 1.03341805934906 0.2198739945888519
v -0.1491920053958893 0.7731630206108093 -0.09355100244283676
v -0.1489689946174622 0.7946040034294128 0.1678120046854019
v -0.1488800048828125 0.903889000415802 0.172105997800827
v -0.1488679945468903 0.8574690222740173 -0.2469979971647263
v -0.1485839933156967 1.13611900806427 0.1903299987316132
v -0.1480109989643097 0.8268129825592041 -0.2175859957933426
v -0.1476200073957443 1.204612016677856 0.1685259938240051
v -0.1474329978227615 1.228024959564209 0.1067259982228279
v -0.1467429995536804 1.106390953063965 -0.255840003490448
v -0.1463299989700317 0.7879930138587952 -0.06316599994897842
v -0.146233007311821 0.7998780012130737 0.2706849873065949
v -0.1456689983606339 0.8025060296058655 -0.1898790001869202
v -0.1450819969177246 0.874675989151001 0.1277260035276413
v -0.1443510055541992 1.096815943717957 0.1434690058231354
v -0.144324004650116 0.9304350018501282 0.247639000415802
v -0.1435060054063797 0.900858998298645 0.2132019996643066
v -0.1428550034761429 0.7802150249481201 -0.16007100045681
v -0.1428110003471375 1.018823027610779 0.1794130057096481
v -0.1425260007381439 0.8388450145721436 0.3093419969081879
v -0.1421590000391007 1.256057977676392 0.03346399962902069
v -0.142085999250412 0.8157060146331787 0.2919920086860657
v -0.1417980045080185 0.8186730146408081 0.1509809941053391
v -0.1405729949474335 0.9310230016708374 -0.2957279980182648
v -0.1395310014486313 1.192602038383484 0.1932079941034317
v -0.1387709975242615 1.269880056381226 -0.02500000037252903
v -0.1377200037240982 0.7703350186347961 -0.1368129998445511
v -0.1375750005245209 0.897849977016449 0.2564519941806793
v -0.1370780020952225 0.7781990170478821 0.1724440008401871
v -0.1365949958562851 0.9957540035247803 0.26664999127388
v -0.1357440054416657 0.868848979473114 0.3258819878101349
v -0.1356450021266937 0.8285490274429321 0.3149490058422089
v -0.1354230046272278 1.261929035186768 -0.1022669970989227
v -0.1346160024404526 0.8091400265693665 -0.02598999999463558
v -0.1342699974775314 0.7755470275878906 -0.0781169980764389
v -0.1339759975671768 0.8695470094680786 0.3144420087337494
v -0.1337999999523163 0.8873649835586548 0.3226779997348785
v -0.1337520033121109 0.7859179973602295 0.24618199467659
v -0.1331550031900406 0.7894219756126404 0.165474995970726
v -0.1329679936170578 1.029181003570557 0.2622720003128052
v -0.132872998714447 0.9627590179443359 0.2707149982452393
v -0.1324850022792816 0.8104689717292786 0.2968339920043945
v -0.1322290003299713 1.171349048614502 0.2029349952936173
v -0.131632000207901 1.055220007896423 -0.290677011013031
v -0.1316259950399399 0.8451970219612122 0.3228349983692169
v -0.1308660060167313 0.9085109829902649 0.3039909899234772
v -0.130279004573822 0.8468620181083679 0.3426649868488312
v -0.130159005522728 0.8231260180473328 -0.0002779999922495335
v -0.1299629956483841 0.8753790259361267 0.3343740105628967
v -0.1295949965715408 1.043061017990112 0.2524189949035645
v -0.1290829926729202 0.799892008304596 0.2734020054340363
v -0.12848000228405 1.219709992408752 -0.1816290020942688
v -0.1282429993152618 1.149374008178711 0.193572998046875
v -0.1281670033931732 0.7783139944076538 0.1872529983520508
v -0.1273310035467148 0.7647690176963806 -0.1031820029020309
v -0.1272840052843094 0.8127710223197937 0.1449140012264252
v -0.1263740062713623 0.8349499702453613 0.3300699889659882
v -0.126120001077652 0.7906910181045532 -0.05037700012326241
v -0.1257209926843643 0.9444260001182556 0.2809410095214844
v -0.1255290061235428 0.8231819868087769 0.3167510032653809
v -0.1253190040588379 0.9936370253562927 -0.3099460005760193
v -0.124500997364521 1.040287017822266 0.2313140034675598
v -0.1236250028014183 1.099529027938843 0.1349429935216904
v -0.1235949993133545 0.9234449863433838 0.2937540113925934
v -0.1231110021471977 1.016113996505737 0.1782059967517853
v -0.1229870021343231 0.7798609733581543 0.1789889931678772
v -0.1204710006713867 0.8608850240707398 0.1068279966711998
v -0.1197379976511002 0.8561260104179382 0.3506909906864166
v -0.1194000020623207 0.810204029083252 0.3016000092029572
v -0.1190219968557358 0.7822579741477966 0.2505750060081482
v -0.1189910024404526 0.8749690055847168 0.3848649859428406
v -0.1187380030751228 0.7950760126113892 0.2781839966773987
v -0.1183469966053963 0.8704450130462647 0.3714070022106171
v -0.1181349977850914 0.865884006023407 0.3909499943256378
v -0.1174150034785271 0.8373799920082092 0.3530569970607758
v -0.1172790005803108 0.7669219970703125 -0.08510299772024155
v -0.116736002266407 0.7902870178222656 0.1699260026216507
v -0.116626001894474 0.8285430073738098 0.3319720029830933
v -0.116287998855114 0.8942720293998718 0.3748610019683838
v -0.1158630028367043 0.9169809818267822 0.3374899923801422
v -0.1158429980278015 0.7814919948577881 -0.05888399854302406
v -0.1156539991497994 0.8607749938964844 0.374330997467041
v -0.1144519969820976 0.8836690187454224 0.3648679852485657
v -0.1143689975142479 1.144546985626221 -0.2538610100746155
v -0.1126599982380867 0.8205850124359131 0.3170720040798187
v -0.1124200001358986 0.898173987865448 0.3592320084571838
v -0.1123780012130737 0.8552129864692688 0.3934929966926575
v -0.1119370013475418 0.8793560266494751 0.3976939916610718
v -0.1118509992957115 0.8986589908599854 0.3838039934635162
v -0.1116629987955093 0.8839629888534546 0.3556329905986786
v -0.1115130037069321 0.8698689937591553 0.4011389911174774
v -0.1114979982376099 0.8129429817199707 0.1500979959964752
v -0.110896997153759 0.8636879920959473 0.3628199994564056
v -0.1102660000324249 0.828266978263855 0.02400599978864193
v -0.1102610006928444 0.8108670115470886 0.3010480105876923
v -0.1101849973201752 0.8544620275497437 0.3786540031433106
v -0.1091969981789589 0.8522940278053284 0.3577199876308441
v -0.1087329983711243 0.8480730056762695 -0.2630900144577026
v -0.1082869991660118 0.931348979473114 0.3244430124759674
v -0.108134001493454 0.8577759861946106 0.3668799996376038
v -0.1071219965815544 0.8581259846687317 0.4007030129432678
v -0.1067790016531944 0.8351320028305054 0.3543500006198883
v -0.1059509962797165 0.8284929990768433 0.3309029936790466
v -0.1058999970555306 0.7717990279197693 -0.06708099693059921
v -0.1058259978890419 0.8980450034141541 0.3877910077571869
v -0.1054750010371208 0.8170989751815796 -0.2291789948940277
v -0.1053680032491684 0.8190299868583679 0.3147780001163483
v -0.1051800027489662 0.782185971736908 0.1845130026340485
v -0.1050880029797554 0.9075750112533569 0.3787989914417267
v -0.1050530001521111 0.920091986656189 -0.3107079863548279
v -0.1047519966959953 0.8707519769668579 0.4032439887523651
v -0.1045399978756905 0.949895977973938 0.3110019862651825
v -0.103693999350071 0.8799390196800232 0.4005390107631683
v -0.1036909967660904 0.8027420043945313 0.008345999754965305
v -0.1036769971251488 1.066182971000671 -0.3008649945259094
v -0.1032989993691444 0.855692982673645 0.3689199984073639
v -0.1026950031518936 0.7854620218276978 -0.007757000159472227
v -0.102684997022152 0.7941920161247253 -0.1990830004215241
v -0.1020369976758957 0.782820999622345 0.1961220055818558
v -0.1017789989709854 0.8619279861450195 0.402413010597229
v -0.1004099994897842 0.8176530003547669 0.0242720004171133
v -0.1000970005989075 0.8218340277671814 0.2698889970779419
v -0.1000119969248772 0.977304995059967 0.2916449904441834
v -0.1000050008296967 0.8471649885177612 0.3599860072135925
v -0.09945999830961227 0.8043559789657593 0.1817190051078796
v -0.09893099963665009 0.8310459852218628 0.3283739984035492
v -0.098362997174263 1.054404020309448 0.260673999786377
v -0.09823500365018845 0.8144609928131104 0.2421790063381195
v -0.09807000309228897 0.8555030226707459 0.3838410079479218
v -0.09775800257921219 0.8368030190467835 0.3507690131664276
v -0.09754999727010727 0.9242709875106812 0.3613530099391937
v -0.09679099917411804 0.8718519806861877 0.4018720090389252
v -0.09670499712228775 0.7735700011253357 -0.1657660007476807
v -0.09660200029611588 1.040655016899109 0.2695629894733429
v -0.0964450016617775 0.8997529745101929 0.3883680105209351
v -0.09587600082159042 0.83086097240448 0.04883499816060066
v -0.09572400152683258 1.29027795791626 -0.01169100031256676
v -0.09539999812841415 0.8277119994163513 0.2927069962024689
v -0.09528599679470062 0.9836469888687134 -0.3245849907398224
v -0.09504999965429306 1.05526602268219 0.243488997220993
v -0.09489499777555466 1.006080985069275 0.2779589891433716
v -0.09485100209712982 0.941012978553772 0.3487130105495453
v -0.09467600286006928 0.7590519785881043 -0.07427000254392624
v -0.09442300349473953 0.8578680157661438 0.3923709988594055
v -0.09440699964761734 0.8116949796676636 0.1934960037469864
v -0.09401699900627136 0.8781899809837341 0.4007000029087067
v -0.09391699731349945 1.176838994026184 0.209539994597435
v -0.0935249999165535 1.022050976753235 0.186149001121521
v -0.09347599744796753 0.7698720097541809 -0.0189839992672205
v -0.09324800223112106 1.287675976753235 -0.08868899941444397
v -0.09287600219249725 1.246616959571838 -0.1756190061569214
v -0.0928179994225502 0.8656409978866577 0.3988370001316071
v -0.09261900186538696 1.268553018569946 0.05782800167798996
v -0.09234099835157394 0.835237979888916 0.3085409998893738
v -0.09134899824857712 1.159641981124878 0.2020689994096756
v -0.09118500351905823 0.8769609928131104 0.4108960032463074
v -0.09078700095415115 0.8821539878845215 0.404787003993988
v -0.09054200351238251 0.7631480097770691 -0.027793999761343
v -0.09051500260829926 0.877839982509613 0.418725997209549
v -0.09020499885082245 0.8880749940872192 0.4142110049724579
v -0.09007100015878677 1.202304005622864 0.2043990045785904
v -0.08970800042152405 1.097864985466003 0.1282009929418564
v -0.08897499740123749 0.8383409976959229 0.345441997051239
v -0.08860799670219421 0.8736330270767212 0.419950008392334
v -0.08816500008106232 0.8446379899978638 0.3237070143222809
v -0.08816000074148178 0.8826050162315369 0.4294939935207367
v -0.08813799917697907 0.8617709875106812 0.1332470029592514
v -0.08757399767637253 0.8693259954452515 0.397612988948822
v -0.08752500265836716 0.7606949806213379 -0.1396069973707199
v -0.08673000335693359 0.8709570169448853 0.4111529886722565
v -0.08669599890708923 0.8936600089073181 0.4228970110416412
v -0.08635299652814865 0.852724015712738 0.3557829856872559
v -0.08630499988794327 0.8248270153999329 0.1730490028858185
v -0.08609800040721893 0.8756719827651978 0.4315699934959412
v -0.08509799838066101 0.9591450095176697 0.329039990901947
v -0.08419600129127502 0.903007984161377 0.4040879905223846
v -0.0837400034070015 0.8664159774780273 0.3714120090007782
v -0.08328200131654739 1.213796019554138 0.1874449998140335
v -0.08314099907875061 0.8709629774093628 0.4010980129241943
v -0.08302599936723709 0.9006839990615845 0.3962770104408264
v -0.08300799876451492 0.8129739761352539 0.04491600021719933
v -0.08278299868106842 1.172436952590942 -0.2528919875621796
v -0.08143699914216995 0.8686040043830872 0.3839380145072937
v -0.08124899864196777 1.232120990753174 0.1280699968338013
v -0.08083699643611908 0.9093779921531677 0.4075050055980682
v -0.08049599826335907 0.935545027256012 0.3838120102882385
v -0.08023300021886826 0.9122639894485474 0.396016001701355
v -0.07986299693584442 0.8243380188941956 0.188170999288559
v -0.07936599850654602 0.8545029759407044 0.3431319892406464
v -0.07912299782037735 0.7866489887237549 0.001769999973475933
v -0.07900799810886383 0.9893839955329895 0.3080269992351532
v -0.07886700332164764 0.8325759768486023 0.07770700007677078
v -0.07849399745464325 0.7501019835472107 -0.1130530014634132
v -0.07824599742889404 0.7668529748916626 -0.01052100025117397
v -0.07668899744749069 0.8991730213165283 0.4326449930667877
v -0.07593599706888199 0.9514859914779663 0.3747470080852509
v -0.07590500265359879 1.063938975334168 0.2673690021038055
v -0.07589799910783768 0.8344749808311462 0.2636300027370453
v -0.07588800042867661 0.8901609778404236 0.4401490092277527
v -0.07570599764585495 0.7446359992027283 -0.0957769975066185
v -0.0756089985370636 1.07444703578949 -0.3093610107898712
v -0.07551299780607224 0.8419409990310669 0.286545991897583
v -0.07542199641466141 0.8707699775695801 0.4161309897899628
v -0.07539200037717819 0.8242350220680237 0.233243003487587
v -0.07526399940252304 0.8805930018424988 0.4416010081768036
v -0.07429400086402893 1.065618991851807 0.2479619979858398
v -0.0737140029668808 1.054133057594299 0.2793299853801727
v -0.07354599982500076 0.9146389961242676 0.4152930080890656
v -0.07338900119066238 0.7458130121231079 -0.03066799975931644
v -0.07269199937582016 0.8617050051689148 0.3668180108070374
v -0.07267100363969803 1.023772954940796 0.292043000459671
v -0.07251100242137909 0.8465999960899353 0.3031120002269745
v -0.07079999893903732 0.8042460083961487 0.03717099875211716
v -0.07055000215768814 0.9682509899139404 0.3574120104312897
v -0.07049000263214111 0.7340850234031677 -0.05781399831175804
v -0.06902699917554855 0.8649430274963379 0.3812519907951355
v -0.06877999752759934 0.9140070080757141 0.4200159907341003
v -0.06871800124645233 0.7870889902114868 -0.001397000043652952
v -0.06814000010490418 1.036496996879578 0.1910279989242554
v -0.06755799800157547 0.8141630291938782 0.06938499957323074
v -0.06712699681520462 0.8530229926109314 0.3193719983100891
v -0.06704899668693543 0.9193059802055359 0.4108330011367798
v -0.06683500111103058 0.8823630213737488 0.4402770102024078
v -0.06627800315618515 0.8736339807510376 0.4035719931125641
v -0.06591200083494186 1.002532958984375 0.3230080008506775
v -0.06539300084114075 0.9007729887962341 0.4363729953765869
v -0.06528300046920776 0.8925189971923828 0.4421339929103851
v -0.0650470033288002 0.9118459820747376 -0.322393000125885
v -0.06466300040483475 0.7293879985809326 -0.0806410014629364
v -0.06444499641656876 0.8399649858474731 -0.2768279910087585
v -0.06424599885940552 0.8755239844322205 0.4210129976272583
v -0.06367900222539902 1.091981053352356 0.1448169946670532
v -0.06296300143003464 0.9400759935379028 0.3979470133781433
v -0.06277599930763245 1.039129018783569 0.3074310123920441
v -0.06265100091695786 0.8057249784469605 0.0298909991979599
v -0.06255500018596649 0.9547169804573059 0.3856660127639771
v -0.06218000128865242 0.8376039862632752 0.09735199809074402
v -0.06192699819803238 0.8531759977340698 0.1630080044269562
v -0.06132600083947182 1.262313961982727 -0.1713300049304962
v -0.06097299978137016 0.8066849708557129 -0.2392120063304901
v -0.06067600101232529 0.8630170226097107 0.3621810078620911
v -0.0605739988386631 1.151170015335083 0.2173510044813156
v -0.06030699983239174 1.301506996154785 0.002827000105753541
v -0.0603020004928112 0.7300999760627747 -0.05411100015044212
v -0.06025499850511551 1.062916040420532 0.2839730083942413
v -0.05985400080680847 1.267369031906128 0.07991699874401093
v -0.05969500169157982 0.7673709988594055 -0.0130019998177886
v -0.05911799892783165 0.9708979725837708 0.3649890124797821
v -0.05873899906873703 0.8058739900588989 -0.0003570000117179006
v -0.05867499858140945 0.7845360040664673 -0.2067389935255051
v -0.05831300094723702 0.8805609941482544 0.4264349937438965
v -0.05806000158190727 1.302104949951172 -0.07916100323200226
v -0.05794199928641319 0.8598309755325317 0.3364399969577789
v -0.05779900029301643 0.976872980594635 -0.3380970060825348
v -0.05769599974155426 0.9108989834785461 0.4175300002098084
v -0.05766399949789047 1.169919013977051 0.2288540005683899
v -0.05735500156879425 0.8774909973144531 0.411763995885849
v -0.05719099938869476 1.194635987281799 0.2179410010576248
v -0.05715300142765045 0.7412440180778503 -0.0302789993584156
v -0.05667199939489365 1.07609498500824 0.26774001121521
v -0.05665599927306175 0.8877750039100647 0.4309569895267487
v -0.05640999972820282 0.8656240105628967 0.3756850063800812
v -0.05538300052285194 0.7644789814949036 -0.1718640029430389
v -0.0549129992723465 1.081490993499756 0.2523249983787537
v -0.05431700125336647 0.8704400062561035 0.40004101395607
v -0.0542219989001751 0.858089029788971 0.1812430024147034
v -0.05398200079798698 1.048187971115112 0.3293119966983795
v -0.05287399888038635 1.021178007125855 0.3510519862174988
v -0.05239500105381012 1.207954049110413 0.1982119977474213
v -0.05227600038051605 0.8851079940795898 0.4475559890270233
v -0.05207300186157227 0.8819869756698608 0.4183290004730225
v -0.0519930012524128 0.810142993927002 0.03112900070846081
v -0.05117600038647652 0.7505810260772705 -0.147379994392395
v -0.05104799941182137 0.8907340168952942 0.4214909970760346
v -0.05091400071978569 1.193153023719788 -0.2522929906845093
v -0.05072600021958351 0.8745759725570679 0.4100100100040436
v -0.05044800043106079 0.7279930114746094 -0.06844399869441986
v -0.05044100061058998 1.229313969612122 0.1469680070877075
v -0.05032199993729591 1.081604957580566 -0.3148860037326813
v -0.05031000077724457 1.071033000946045 0.3070549964904785
v -0.05019700154662132 1.061550974845886 0.2106779962778091
v -0.05012800171971321 1.049383044242859 0.3348889946937561
v -0.04991599917411804 1.023419976234436 0.3508099913597107
v -0.04960000142455101 0.8977779746055603 0.442768007516861
v -0.04935900121927261 0.8008670210838318 0.05753700062632561
v -0.04934500157833099 0.8520699739456177 0.2563920021057129
v -0.04902800172567368 0.8472269773483276 0.2305600047111511
v -0.04805000126361847 0.8167039752006531 0.08444400131702423
v -0.04786400124430656 0.7802379727363586 -0.02130600064992905
v -0.04724099859595299 0.7372230291366577 -0.1261090040206909
v -0.04690999910235405 0.877327024936676 0.4156099855899811
v -0.04687400162220001 0.8556749820709229 0.2791390120983124
v -0.04684799909591675 0.8701549768447876 0.3979710042476654
v -0.04633300006389618 0.7286999821662903 -0.1116520017385483
v -0.04621199890971184 1.024744033813477 0.3496159911155701
v -0.04588000103831291 1.049713969230652 0.3376829922199249
v -0.04558400064706802 0.8859410285949707 0.4349969923496246
v -0.04531500115990639 1.09192705154419 0.1767520010471344
v -0.04515400156378746 0.9481890201568604 0.415446013212204
v -0.04509500041604042 0.8910189867019653 0.4267449975013733
v -0.04504700005054474 0.8657079935073853 0.3574709892272949
v -0.04501400142908096 0.8797079920768738 0.4489209949970245
v -0.04469199851155281 0.8604670166969299 0.2983399927616119
v -0.04440600052475929 0.7504990100860596 -0.04037800058722496
v -0.04338100180029869 0.9137200117111206 0.4310159981250763
v -0.04333800077438355 0.8548099994659424 0.139504000544548
v -0.04307600110769272 0.91177898645401 0.4204750061035156
v -0.04281700029969215 0.8738920092582703 0.4079599976539612
v -0.04239699989557266 0.8808910250663757 0.4261179864406586
v -0.04199700057506561 0.7221750020980835 -0.09441400319337845
v -0.04188999906182289 0.8650010228157044 0.3159460127353668
v -0.04175399988889694 0.8840090036392212 0.4585059881210327
v -0.04169400036334992 0.963113009929657 0.3994239866733551
v -0.04162900149822235 1.025850057601929 0.3380079865455627
v -0.04151099920272827 1.044278025627136 0.3321900069713593
v -0.04140299931168556 0.8668169975280762 0.3731530010700226
v -0.04122700169682503 0.8974059820175171 0.4552890062332153
v -0.04116399958729744 0.8805980086326599 0.4365079998970032
v -0.04093300178647041 1.079406023025513 0.2847000062465668
v -0.04089900106191635 1.137850046157837 0.2312130033969879
v -0.04055999964475632 0.8769569993019104 0.4567779898643494
v -0.04018300026655197 1.081645011901856 0.3267790079116821
v -0.03982900083065033 0.980014979839325 0.3788819909095764
v -0.03943999856710434 0.876645028591156 0.4161989986896515
v -0.03845499828457832 1.080291032791138 0.2170149981975555
v -0.03759700059890747 0.9260389804840088 0.4247199892997742
v -0.03759000077843666 0.8706610202789307 0.3967750072479248
v -0.03679899871349335 1.038321018218994 0.3243359923362732
v -0.03673699870705605 0.8376920223236084 0.007220999803394079
v -0.03649799898266792 1.079103946685791 0.332940012216568
v -0.03628800064325333 1.025931000709534 0.3258979916572571
v -0.0362670011818409 1.12788200378418 0.2443329989910126
v -0.03624000027775765 0.8628010153770447 0.3335759937763214
v -0.03614199906587601 0.9224960207939148 0.4350250065326691
v -0.03607799857854843 1.105530977249146 0.2562380135059357
v -0.03604000061750412 1.014639019966126 0.3668180108070374
v -0.03559599816799164 0.8734779953956604 0.4066320061683655
v -0.03558300063014031 0.7244840264320374 -0.08183199912309647
v -0.03525499999523163 0.762444019317627 -0.05668000131845474
v -0.03510700166225433 1.092736959457398 0.2000260055065155
v -0.03507100045681 0.8221780061721802 -0.03138099983334541
v -0.03479199856519699 1.017022967338562 0.3633930087089539
v -0.03472299873828888 0.8548120260238648 0.1652889996767044
v -0.03447199985384941 0.8757269978523254 0.440991997718811
v -0.03412200137972832 1.091300010681152 0.271914005279541
v -0.03410900011658669 1.156260013580322 0.2426619976758957
v -0.03363100066781044 0.8781909942626953 0.4258809983730316
v -0.03299500048160553 1.018571019172669 0.3592140078544617
v -0.03282799944281578 0.8755599856376648 0.4156520068645477
v -0.03215600177645683 0.8395130038261414 0.1108980029821396
v -0.03170099854469299 0.8088690042495728 0.03991499915719032
v -0.03149399906396866 0.7989010214805603 0.06701699644327164
v -0.03101800009608269 1.075816035270691 0.3361780047416687
v -0.03090400062501431 0.8548880219459534 0.1807529926300049
v -0.02969099953770638 0.7996370196342468 -0.247192993760109
v -0.0296000000089407 0.868245005607605 0.3545629978179932
v -0.02950200065970421 0.9063109755516052 -0.3287410140037537
v -0.02946799993515015 0.8345680236816406 -0.2833530008792877
v -0.02915599942207336 1.198691964149475 0.2052610069513321
v -0.02911200001835823 0.865822970867157 0.3721179962158203
v -0.02907899953424931 0.8809239864349365 0.4684709906578064
v -0.02879399992525578 1.308302998542786 0.01434999983757734
v -0.02879099920392036 0.9254239797592163 0.4393720030784607
v -0.02862400002777576 0.7768380045890808 -0.2155389934778214
v -0.02856200002133846 0.8745179772377014 0.466594010591507
v -0.02847700007259846 1.068845987319946 0.3268060088157654
v -0.02809200063347817 0.8708739876747131 0.3965489864349365
v -0.02802399918437004 0.7581250071525574 -0.1784729957580566
v -0.02789700031280518 0.8988839983940125 0.4640249907970429
v -0.02718799933791161 0.8722169995307922 0.4058369994163513
v -0.02705500088632107 0.8745449781417847 0.4424510002136231
v -0.02703000046312809 0.9713090062141419 -0.3461689949035645
v -0.02697700075805187 1.271548986434937 0.08966699987649918
v -0.0263889990746975 1.273501038551331 -0.1683129966259003
v -0.02620399929583073 0.7432720065116882 -0.151200994849205
v -0.02584300003945828 0.8779379725456238 0.4255799949169159
v -0.02582100033760071 0.7238450050354004 -0.1163500025868416
v -0.02542999945580959 1.175174951553345 0.2317720055580139
v -0.02529899962246418 0.7311859726905823 -0.1302240043878555
v -0.02529300004243851 0.8543069958686829 0.2251999974250794
v -0.02492599934339523 0.8738549947738648 0.4156849980354309
v -0.02477199956774712 0.8173660039901733 0.09106600284576416
v -0.02470299974083901 1.22781503200531 0.1561309993267059
v -0.02452399954199791 0.7208750247955322 -0.1010420024394989
v -0.02416300028562546 1.311311006546021 -0.07239300012588501
v -0.02397399954497814 0.861661970615387 0.2755689918994904
v -0.02368699945509434 1.20832896232605 -0.2494210004806519
v -0.02364899963140488 1.086833953857422 -0.3195909857749939
v -0.0234609991312027 0.8589709997177124 0.2508789896965027
v -0.02256700024008751 1.143015027046204 0.2547619938850403
v -0.02221300080418587 0.8330540060997009 -0.0352110005915165
v -0.02174500003457069 1.020357012748718 0.3432489931583405
v -0.02149000018835068 0.8682489991188049 0.2976279854774475
v -0.02067900076508522 0.8648650050163269 0.3128379881381989
v -0.02067800052464008 0.723921000957489 -0.08978699892759323
v -0.02005700021982193 1.016276001930237 0.3790299892425537
v -0.01982400007545948 0.9312649965286255 0.4318209886550903
v -0.01955300010740757 0.9467809796333313 0.4174560010433197
v -0.01952300034463406 0.8487979769706726 0.001692999969236553
v -0.0191820003092289 1.113790035247803 0.3290190100669861
v -0.01915100030601025 1.121549010276794 0.2924929857254028
v -0.01891100034117699 0.9208639860153198 0.4424259960651398
v -0.01836900040507317 1.019039988517761 0.3730820119380951
v -0.01834500022232533 1.108896017074585 0.3333779871463776
v -0.01827999949455261 0.874206006526947 0.4469699859619141
v -0.0180089995265007 0.7984910011291504 0.07006800174713135
v -0.01796299964189529 0.8701810240745544 0.4051049947738648
v -0.01789000071585178 0.867044985294342 0.331398993730545
v -0.01787599921226502 0.9671180248260498 0.4071210026741028
v -0.01765299960970879 0.8781319856643677 0.4277260005474091
v -0.01751399971544743 0.869799017906189 0.3961830139160156
v -0.01749200001358986 0.8650310039520264 0.3720360100269318
v -0.01707199960947037 0.7806320190429688 -0.06389900296926498
v -0.01698599942028523 0.8729829788208008 0.4153769910335541
v -0.01698599942028523 0.984637975692749 0.3934629857540131
v -0.01654399931430817 0.8105090260505676 0.03857700154185295
v -0.01641100086271763 1.102926969528198 0.3357599973678589
v -0.01626699976623058 1.05179500579834 0.3106249868869782
v -0.01551099959760904 1.020964026451111 0.3660430014133453
v -0.01521100010722876 0.8723700046539307 0.4625299870967865
v -0.01517099980264902 0.8992779850959778 0.459648996591568
v -0.01510600000619888 1.128358960151672 0.2674300074577332
v -0.01415000017732382 0.8778749704360962 0.464832991361618
v -0.013973000459373 0.8697580099105835 0.3535929918289185
v -0.01260599959641695 1.024747967720032 0.3294140100479126
v -0.01106599997729063 0.8720740079879761 0.4598360061645508
v -0.01084099989384413 1.081573963165283 0.331140011548996
v -0.01052900031208992 0.882390022277832 0.431192010641098
v -0.009603000245988369 1.029782056808472 0.3524659872055054
v -0.009060000069439411 0.9208970069885254 0.4384439885616303
v -0.008929000236093998 0.8778460025787354 0.4474579989910126
v -0.008909000083804131 0.8750540018081665 0.4619869887828827
v -0.006641999818384647 1.059942960739136 0.3258369863033295
v -0.006256999913603067 1.040922999382019 0.339599996805191
v -0.005733000114560127 0.8998150229454041 0.4455690085887909
v -0.005704999901354313 0.8884450197219849 0.4598200023174286
v -0.005162000190466642 0.8891800045967102 0.4380789995193481
v -0.004821000155061483 0.8825780153274536 0.4522149860858917
v 0 0.720134973526001 -0.1059589982032776
v 0 0.7227510213851929 -0.1196129992604256
v 0 0.7252640128135681 -0.09165400266647339
v 0 0.7293660044670105 -0.1331450045108795
v 0 0.7404599785804749 -0.1539140045642853
v 0 0.753786027431488 -0.1794950067996979
v 0 0.7718939781188965 -0.2182500064373016
v 0 0.7836319804191589 -0.06630899757146835
v 0 0.795494019985199 -0.2501980066299439
v 0 0.7968999743461609 0.07002200186252594
v 0 0.8090710043907166 0.04066300019621849
v 0 0.8188049793243408 0.09312800318002701
v 0 0.8319810032844544 -0.2850509881973267
v 0 0.837755024433136 -0.03782499954104424
v 0 0.8408880233764648 0.1154230013489723
v 0 0.8484249711036682 0.1760500073432922
v 0 0.8505190014839172 0.1418710052967072
v 0 0.8519939780235291 0.1889030039310455
v 0 0.8542979955673218 -0.002066999906674027
v 0 0.8566060066223145 0.2507809996604919
v 0 0.8584290146827698 0.2230859994888306
v 0 0.8616369962692261 0.2976840138435364
v 0 0.8618819713592529 0.3105059862136841
v 0 0.8651999831199646 0.3714700043201447
v 0 0.8658000230789185 0.2738530039787293
v 0 0.8670819997787476 0.3294470012187958
v 0 0.8693119883537293 0.3954710066318512
v 0 0.870585024356842 0.4050270020961762
v 0 0.8707330226898193 0.3530499935150147
v 0 0.8730430006980896 0.4136349856853485
v 0 0.8787819743156433 0.4255560040473938
v 0 0.8827720284461975 0.4311670064926148
v 0 0.8881300091743469 0.4368380010128021
v 0 0.89581698179245 0.4386929869651794
v 0 0.9032580256462097 -0.3312540054321289
v 0 0.925046980381012 0.4441410005092621
v 0 0.9354190230369568 0.4405570030212402
v 0 0.9542279839515686 0.4257960021495819
v 0 0.9684270024299622 -0.3509890139102936
v 0 0.9747769832611084 0.4162879884243012
v 0 0.9932299852371216 0.4040220081806183
v 0 1.030454993247986 0.4007390141487122
v 0 1.034721970558167 0.3960930109024048
v 0 1.037292003631592 0.3905720114707947
v 0 1.03957200050354 0.3674310147762299
v 0 1.046210050582886 0.3464840054512024
v 0 1.064625024795532 0.3310500085353851
v 0 1.087417960166931 0.3316789865493774
v 0 1.090649008750916 -0.3211010098457336
v 0 1.110216975212097 0.3323239982128143
v 0 1.117759943008423 0.331275999546051
v 0 1.123190999031067 0.3285639882087708
v 0 1.128123044967651 0.298907995223999
v 0 1.133764982223511 0.2694810032844544
v 0 1.147444009780884 0.2543410062789917
v 0 1.187481045722961 0.2168090045452118
v 0 1.217154026031494 -0.2462839931249619
v 0 1.222828984260559 0.1675280034542084
v 0 1.271455049514771 0.09486199915409088
v 0 1.278316020965576 -0.1673420071601868
v 0 1.309108018875122 0.02799299918115139
v 0 1.314825057983398 -0.06897599995136261
v 0.004821000155061483 0.8825780153274536 0.4522149860858917
v 0.005162000190466642 0.8891800045967102 0.4380789995193481
v 0.005704999901354313 0.8884450197219849 0.4598200023174286
v 0.005733000114560127 0.8998150229454041 0.4455690085887909
v 0.006256999913603067 1.040922999382019 0.339599996805191
v 0.006641999818384647 1.059942960739136 0.3258369863033295
v 0.008909000083804131 0.8750540018081665 0.4619869887828827
v 0.008929000236093998 0.8778460025787354 0.4474579989910126
v 0.009060000069439411 0.9208970069885254 0.4384439885616303
v 0.009603000245988369 1.029782056808472 0.3524659872055054
v 0.01052900031208992 0.882390022277832 0.431192010641098
v 0.01084099989384413 1.081573963165283 0.331140011548996
v 0.01106599997729063 0.8720740079879761 0.4598360061645508
v 0.01260599959641695 1.024747967720032 0.3294140100479126
v 0.013973000459373 0.8697580099105835 0.3535929918289185
v 0.01415000017732382 0.8778749704360962 0.464832991361618
v 0.01510600000619888 1.128358960151672 0.2674300074577332
v 0.01517099980264902 0.8992779850959778 0.459648996591568
v 0.01521100010722876 0.8723700046539307 0.4625299870967865
v 0.01551099959760904 1.020964026451111 0.3660430014133453
v 0.01626699976623058 1.05179500579834 0.3106249868869782
v 0.01641100086271763 1.102926969528198 0.3357599973678589
v 0.01654399931430817 0.8105090260505676 0.03857700154185295
v 0.01698599942028523 0.8729829788208008 0.4153769910335541
v 0.01698599942028523 0.984637975692749 0.3934629857540131
v 0.01707199960947037 0.7806320190429688 -0.06389900296926498
v 0.01749200001358986 0.8650310039520264 0.3720360100269318
v 0.01751399971544743 0.869799017906189 0.3961830139160156
v 0.01765299960970879 0.8781319856643677 0.4277260005474091
v 0.01787599921226502 0.9671180248260498 0.4071210026741028
v 0.01789000071585178 0.867044985294342 0.331398993730545
v 0.01796299964189529 0.8701810240745544 0.4051049947738648
v 0.0180089995265007 0.7984910011291504 0.07006800174713135
v 0.01827999949455261 0.874206006526947 0.4469699859619141
v 0.01834500022232533 1.108896017074585 0.3333779871463776
v 0.01836900040507317 1.019039988517761 0.3730820119380951
v 0.01891100034117699 0.9208639860153198 0.4424259960651398
v 0.01915100030601025 1.121549010276794 0.2924929857254028
v 0.0191820003092289 1.113790035247803 0.3290190100669861
v 0.01952300034463406 0.8487979769706726 0.001692999969236553
v 0.01955300010740757 0.9467809796333313 0.4174560010433197
v 0.01982400007545948 0.9312649965286255 0.4318209886550903
v 0.02005700021982193 1.016276001930237 0.3790299892425537
v 0.02067800052464008 0.723921000957489 -0.08978699892759323
v 0.02067900076508522 0.8648650050163269 0.3128379881381989
v 0.02149000018835068 0.8682489991188049 0.2976279854774475
v 0.02174500003457069 1.020357012748718 0.3432489931583405
v 0.02221300080418587 0.8330540060997009 -0.0352110005915165
v 0.02256700024008751 1.143015027046204 0.2547619938850403
v 0.0234609991312027 0.8589709997177124 0.2508789896965027
v 0.02364899963140488 1.086833953857422 -0.3195909857749939
v 0.02368699945509434 1.20832896232605 -0.2494210004806519
v 0.02397399954497814 0.861661970615387 0.2755689918994904
v 0.02416300028562546 1.311311006546021 -0.07239300012588501
v 0.02452399954199791 0.7208750247955322 -0.1010420024394989
v 0.02470299974083901 1.22781503200531 0.1561309993267059
v 0.02477199956774712 0.8173660039901733 0.09106600284576416
v 0.02492599934339523 0.8738549947738648 0.4156849980354309
v 0.02529300004243851 0.8543069958686829 0.2251999974250794
v 0.02529899962246418 0.7311859726905823 -0.1302240043878555
v 0.02542999945580959 1.175174951553345 0.2317720055580139
v 0.02582100033760071 0.7238450050354004 -0.1163500025868416
v 0.02584300003945828 0.8779379725456238 0.4255799949169159
v 0.02620399929583073 0.7432720065116882 -0.151200994849205
v 0.0263889990746975 1.273501038551331 -0.1683129966259003
v 0.02697700075805187 1.271548986434937 0.08966699987649918
v 0.02703000046312809 0.9713090062141419 -0.3461689949035645
v 0.02705500088632107 0.8745449781417847 0.4424510002136231
v 0.02718799933791161 0.8722169995307922 0.4058369994163513
v 0.02789700031280518 0.8988839983940125 0.4640249907970429
v 0.02802399918437004 0.7581250071525574 -0.1784729957580566
v 0.02809200063347817 0.8708739876747131 0.3965489864349365
v 0.02847700007259846 1.068845987319946 0.3268060088157654
v 0.02856200002133846 0.8745179772377014 0.466594010591507
v 0.02862400002777576 0.7768380045890808 -0.2155389934778214
v 0.02879099920392036 0.9254239797592163 0.4393720030784607
v 0.02879399992525578 1.308302998542786 0.01434999983757734
v 0.02907899953424931 0.8809239864349365 0.4684709906578064
v 0.02911200001835823 0.865822970867157 0.3721179962158203
v 0.02915599942207336 1.198691964149475 0.2052610069513321
v 0.02946799993515015 0.8345680236816406 -0.2833530008792877
v 0.02950200065970421 0.9063109755516052 -0.3287410140037537
v 0.0296000000089407 0.868245005607605 0.3545629978179932
v 0.02969099953770638 0.7996370196342468 -0.247192993760109
v 0.03090400062501431 0.8548880219459534 0.1807529926300049
v 0.03101800009608269 1.075816035270691 0.3361780047416687
v 0.03149399906396866 0.7989010214805603 0.06701699644327164
v 0.03170099854469299 0.8088690042495728 0.03991499915719032
v 0.03215600177645683 0.8395130038261414 0.1108980029821396
v 0.03282799944281578 0.8755599856376648 0.4156509935855866
v 0.03299399837851524 1.018571019172669 0.3592140078544617
v 0.03363100066781044 0.8781909942626953 0.4258809983730316
v 0.03410900011658669 1.156260013580322 0.2426619976758957
v 0.03412200137972832 1.091300010681152 0.271914005279541
v 0.03447199985384941 0.8757269978523254 0.440991997718811
v 0.03472299873828888 0.8548120260238648 0.1652889996767044
v 0.03479199856519699 1.017022967338562 0.3633930087089539
v 0.03507100045681 0.8221780061721802 -0.03138099983334541
v 0.03510700166225433 1.092736959457398 0.2000260055065155
v 0.03525499999523163 0.762444019317627 -0.05668000131845474
v 0.03558300063014031 0.7244840264320374 -0.08183199912309647
v 0.03559599816799164 0.8734779953956604 0.4066320061683655
v 0.03604000061750412 1.014639019966126 0.3668180108070374
v 0.03607799857854843 1.105530977249146 0.2562380135059357
v 0.03614199906587601 0.9224960207939148 0.4350250065326691
v 0.03624000027775765 0.8628010153770447 0.3335750102996826
v 0.0362670011818409 1.12788200378418 0.2443329989910126
v 0.03628800064325333 1.025931000709534 0.3258979916572571
v 0.03649799898266792 1.079103946685791 0.332940012216568
v 0.03673699870705605 0.8376920223236084 0.007220999803394079
v 0.03679899871349335 1.038321018218994 0.3243359923362732
v 0.03759000077843666 0.8706610202789307 0.3967750072479248
v 0.03759700059890747 0.9260389804840088 0.4247199892997742
v 0.03845499828457832 1.080291032791138 0.2170149981975555
v 0.03943999856710434 0.876645028591156 0.4161989986896515
v 0.03982900083065033 0.980014979839325 0.3788819909095764
v 0.04018300026655197 1.081645011901856 0.3267790079116821
v 0.04055999964475632 0.8769569993019104 0.4567779898643494
v 0.04089900106191635 1.137850046157837 0.2312130033969879
v 0.04093300178647041 1.079406023025513 0.2847000062465668
v 0.04116399958729744 0.8805980086326599 0.4365079998970032
v 0.04122700169682503 0.8974059820175171 0.4552890062332153
v 0.04140299931168556 0.8668169975280762 0.3731530010700226
v 0.04151099920272827 1.044278025627136 0.3321900069713593
v 0.04162900149822235 1.025850057601929 0.3380079865455627
v 0.04169400036334992 0.963113009929657 0.3994239866733551
v 0.04175399988889694 0.8840090036392212 0.4585059881210327
v 0.04188999906182289 0.8650010228157044 0.3159460127353668
v 0.04199700057506561 0.7221750020980835 -0.09441400319337845
v 0.04239699989557266 0.8808910250663757 0.4261179864406586
v 0.04281700029969215 0.8738920092582703 0.4079599976539612
v 0.04307600110769272 0.91177898645401 0.4204750061035156
v 0.04333800077438355 0.8548099994659424 0.139504000544548
v 0.04338100180029869 0.9137200117111206 0.4310159981250763
v 0.04440600052475929 0.7504990100860596 -0.04037800058722496
v 0.04469199851155281 0.8604670166969299 0.2983399927616119
v 0.04501400142908096 0.8797079920768738 0.4489209949970245
v 0.04504700005054474 0.8657079935073853 0.3574709892272949
v 0.04509500041604042 0.8910189867019653 0.4267449975013733
v 0.04515400156378746 0.9481890201568604 0.415446013212204
v 0.04531500115990639 1.09192705154419 0.1767520010471344
v 0.04558400064706802 0.8859410285949707 0.4349969923496246
v 0.04588000103831291 1.049713969230652 0.3376829922199249
v 0.04621199890971184 1.024744033813477 0.3496159911155701
v 0.04633300006389618 0.7286999821662903 -0.1116520017385483
v 0.04684799909591675 0.8701549768447876 0.3979710042476654
v 0.04687400162220001 0.8556749820709229 0.2791390120983124
v 0.04690999910235405 0.877327024936676 0.4156099855899811
v 0.04724099859595299 0.7372230291366577 -0.1261090040206909
v 0.04786400124430656 0.7802379727363586 -0.02130600064992905
v 0.04805000126361847 0.8167039752006531 0.08444400131702423
v 0.04902800172567368 0.8472269773483276 0.2305600047111511
v 0.04934500157833099 0.8520699739456177 0.2563920021057129
v 0.04935900121927261 0.8008670210838318 0.05753700062632561
v 0.04960000142455101 0.8977779746055603 0.442768007516861
v 0.04991599917411804 1.023419976234436 0.3508099913597107
v 0.05012800171971321 1.049383044242859 0.3348889946937561
v 0.05019700154662132 1.061550974845886 0.2106779962778091
v 0.05031000077724457 1.071033000946045 0.3070549964904785
v 0.05032199993729591 1.081604957580566 -0.3148860037326813
v 0.05044100061058998 1.229313969612122 0.1469680070877075
v 0.05044800043106079 0.7279930114746094 -0.06844399869441986
v 0.05072600021958351 0.8745759725570679 0.4100100100040436
v 0.05091400071978569 1.193153023719788 -0.2522929906845093
v 0.05104799941182137 0.8907340168952942 0.4214909970760346
v 0.05117600038647652 0.7505810260772705 -0.147379994392395
v 0.0519930012524128 0.810142993927002 0.03112900070846081
v 0.05207300186157227 0.8819869756698608 0.4183290004730225
v 0.05227600038051605 0.8851079940795898 0.4475559890270233
v 0.05239500105381012 1.207954049110413 0.1982119977474213
v 0.05287399888038635 1.021178007125855 0.3510519862174988
v 0.05398200079798698 1.048187971115112 0.3293119966983795
v 0.0542219989001751 0.858089029788971 0.1812430024147034
v 0.05431700125336647 0.8704400062561035 0.40004101395607
v 0.0549129992723465 1.081490993499756 0.2523249983787537
v 0.05538300052285194 0.7644789814949036 -0.1718640029430389
v 0.05640999972820282 0.8656240105628967 0.3756850063800812
v 0.05665599927306175 0.8877750039100647 0.4309569895267487
v 0.05667199939489365 1.07609498500824 0.26774001121521
v 0.05715300142765045 0.7412440180778503 -0.0302789993584156
v 0.05719099938869476 1.194635987281799 0.2179410010576248
v 0.05735500156879425 0.8774909973144531 0.4117650091648102
v 0.05766399949789047 1.169919013977051 0.2288540005683899
v 0.05769599974155426 0.9108989834785461 0.4175300002098084
v 0.05779900029301643 0.976872980594635 -0.3380970060825348
v 0.05794199928641319 0.8598309755325317 0.3364399969577789
v 0.05806000158190727 1.302104949951172 -0.07916100323200226
v 0.05831300094723702 0.8805609941482544 0.4264349937438965
v 0.05867499858140945 0.7845360040664673 -0.2067379951477051
v 0.05873899906873703 0.8058739900588989 -0.0003570000117179006
v 0.05911799892783165 0.9708979725837708 0.3649890124797821
v 0.05969500169157982 0.7673709988594055 -0.0130019998177886
v 0.05985400080680847 1.267369031906128 0.07991699874401093
v 0.06025499850511551 1.062916040420532 0.2839730083942413
v 0.0603020004928112 0.7300999760627747 -0.05411100015044212
v 0.06030699983239174 1.301506996154785 0.002827000105753541
v 0.0605739988386631 1.151170015335083 0.2173510044813156
v 0.06067600101232529 0.8630170226097107 0.3621810078620911
v 0.06097299978137016 0.8066849708557129 -0.2392109930515289
v 0.06132600083947182 1.262313961982727 -0.1713290065526962
v 0.06192699819803238 0.8531759977340698 0.1630080044269562
v 0.06218000128865242 0.8376039862632752 0.09735199809074402
v 0.06255500018596649 0.9547169804573059 0.3856660127639771
v 0.06265100091695786 0.8057249784469605 0.0298909991979599
v 0.06277500092983246 1.039129018783569 0.3074310123920441
v 0.06296300143003464 0.9400759935379028 0.3979470133781433
v 0.06367900222539902 1.091981053352356 0.1448169946670532
v 0.06424599885940552 0.8755239844322205 0.4210129976272583
v 0.06444499641656876 0.8399649858474731 -0.2768279910087585
v 0.06466300040483475 0.7293879985809326 -0.0806410014629364
v 0.0650470033288002 0.9118459820747376 -0.3223940134048462
v 0.06528300046920776 0.8925189971923828 0.4421339929103851
v 0.06539300084114075 0.9007729887962341 0.4363729953765869
v 0.06591200083494186 1.002532958984375 0.3230080008506775
v 0.06627800315618515 0.8736339807510376 0.4035719931125641
v 0.06683500111103058 0.8823630213737488 0.4402770102024078
v 0.06704899668693543 0.9193059802055359 0.4108330011367798
v 0.06712699681520462 0.8530229926109314 0.3193719983100891
v 0.06755799800157547 0.8141630291938782 0.06938499957323074
v 0.06814000010490418 1.036496996879578 0.1910279989242554
v 0.06871800124645233 0.7870889902114868 -0.001397000043652952
v 0.06877999752759934 0.9140070080757141 0.4200159907341003
v 0.06902699917554855 0.8649430274963379 0.3812519907951355
v 0.07049000263214111 0.7340850234031677 -0.05781399831175804
v 0.07055000215768814 0.9682509899139404 0.3574120104312897
v 0.07079999893903732 0.8042460083961487 0.03717099875211716
v 0.07251100242137909 0.8465999960899353 0.3031120002269745
v 0.07267100363969803 1.023772954940796 0.292043000459671
v 0.07269199937582016 0.8617050051689148 0.3668180108070374
v 0.07338900119066238 0.7458130121231079 -0.03066799975931644
v 0.07354599982500076 0.9146389961242676 0.4152930080890656
v 0.0737140029668808 1.054133057594299 0.2793299853801727
v 0.07429400086402893 1.065618991851807 0.2479619979858398
v 0.07526399940252304 0.8805930018424988 0.4416010081768036
v 0.07539200037717819 0.8242350220680237 0.233243003487587
v 0.07542199641466141 0.8707699775695801 0.4161309897899628
v 0.07551299780607224 0.8419409990310669 0.286545991897583
v 0.0756089985370636 1.07444703578949 -0.3093610107898712
v 0.07570599764585495 0.7446359992027283 -0.0957769975066185
v 0.07588800042867661 0.8901609778404236 0.4401490092277527
v 0.07589799910783768 0.8344749808311462 0.2636300027370453
v 0.0759039968252182 1.063938975334168 0.2673690021038055
v 0.07593599706888199 0.9514859914779663 0.3747470080852509
v 0.07668899744749069 0.8991730213165283 0.4326449930667877
v 0.07824599742889404 0.7668529748916626 -0.01052100025117397
v 0.07849399745464325 0.7501019835472107 -0.1130530014634132
v 0.07886700332164764 0.8325759768486023 0.07770700007677078
v 0.07900799810886383 0.9893839955329895 0.3080269992351532
v 0.07912299782037735 0.7866489887237549 0.001769999973475933
v 0.07936599850654602 0.8545029759407044 0.3431319892406464
v 0.07986299693584442 0.8243380188941956 0.188170999288559
v 0.08023300021886826 0.9122639894485474 0.396016001701355
v 0.08049599826335907 0.935545027256012 0.3838120102882385
v 0.08083699643611908 0.9093779921531677 0.4075050055980682
v 0.08124899864196777 1.232120990753174 0.1280699968338013
v 0.08143699914216995 0.8686040043830872 0.3839380145072937
v 0.08278299868106842 1.172436952590942 -0.2528919875621796
v 0.08300799876451492 0.8129739761352539 0.04491600021719933
v 0.08302599936723709 0.9006839990615845 0.3962770104408264
v 0.08314000070095062 0.8709629774093628 0.4010969996452332
v 0.08328200131654739 1.213796019554138 0.1874449998140335
v 0.0837400034070015 0.8664159774780273 0.3714120090007782
v 0.08419600129127502 0.903007984161377 0.4040879905223846
v 0.08509799838066101 0.9591450095176697 0.329039990901947
v 0.08609700202941895 0.8756719827651978 0.4315699934959412
v 0.08630499988794327 0.8248270153999329 0.1730490028858185
v 0.08635299652814865 0.852724015712738 0.3557829856872559
v 0.08669500052928925 0.8936600089073181 0.4228970110416412
v 0.08673000335693359 0.8709570169448853 0.4111529886722565
v 0.08752500265836716 0.7606949806213379 -0.1396069973707199
v 0.08757399767637253 0.8693259954452515 0.397612988948822
v 0.08813799917697907 0.8617709875106812 0.1332470029592514
v 0.08816000074148178 0.8826050162315369 0.4294939935207367
v 0.08816500008106232 0.8446379899978638 0.3237070143222809
v 0.08860799670219421 0.8736330270767212 0.419950008392334
v 0.08897499740123749 0.8383409976959229 0.345441997051239
v 0.08970800042152405 1.097864985466003 0.1282009929418564
v 0.09007100015878677 1.202304005622864 0.2043990045785904
v 0.09020499885082245 0.8880749940872192 0.4142110049724579
v 0.09051500260829926 0.877839982509613 0.418725997209549
v 0.09054099768400192 0.7631480097770691 -0.027793999761343
v 0.09078700095415115 0.8821539878845215 0.404787003993988
v 0.09118500351905823 0.8769609928131104 0.4108960032463074
v 0.09134899824857712 1.159641981124878 0.2020689994096756
v 0.09234099835157394 0.835237979888916 0.3085409998893738
v 0.09261900186538696 1.268553018569946 0.05782800167798996
v 0.0928179994225502 0.8656409978866577 0.3988370001316071
v 0.09287600219249725 1.246616959571838 -0.1756190061569214
v 0.09324800223112106 1.287675976753235 -0.08868899941444397
v 0.09347599744796753 0.7698720097541809 -0.0189839992672205
v 0.0935249999165535 1.022050976753235 0.186149001121521
v 0.09391699731349945 1.176838994026184 0.209539994597435
v 0.09401699900627136 0.8781899809837341 0.4007000029087067
v 0.09440699964761734 0.8116949796676636 0.1934960037469864
v 0.09442300349473953 0.8578680157661438 0.3923709988594055
v 0.09467600286006928 0.7590519785881043 -0.07427000254392624
v 0.09485100209712982 0.941012978553772 0.3487130105495453
v 0.09489499777555466 1.006080985069275 0.2779589891433716
v 0.09504999965429306 1.05526602268219 0.243488997220993
v 0.09528599679470062 0.9836469888687134 -0.3245849907398224
v 0.09539999812841415 0.8277119994163513 0.2927069962024689
v 0.09572400152683258 1.29027795791626 -0.01169100031256676
v 0.09587600082159042 0.83086097240448 0.04883499816060066
v 0.0964450016617775 0.8997529745101929 0.3883680105209351
v 0.09660200029611588 1.040655016899109 0.2695629894733429
v 0.09670499712228775 0.7735700011253357 -0.1657660007476807
v 0.09679099917411804 0.8718519806861877 0.4018720090389252
v 0.09754999727010727 0.9242709875106812 0.3613530099391937
v 0.09775800257921219 0.8368030190467835 0.3507690131664276
v 0.09807000309228897 0.8555030226707459 0.3838410079479218
v 0.09823500365018845 0.8144609928131104 0.2421790063381195
v 0.098362997174263 1.054404020309448 0.260673999786377
v 0.09893099963665009 0.8310459852218628 0.3283739984035492
v 0.09945999830961227 0.8043559789657593 0.1817190051078796
v 0.1000050008296967 0.8471649885177612 0.3599860072135925
v 0.1000119969248772 0.977304995059967 0.2916449904441834
v 0.1000970005989075 0.8218340277671814 0.2698889970779419
v 0.1004099994897842 0.8176530003547669 0.0242720004171133
v 0.1017789989709854 0.8619279861450195 0.402413010597229
v 0.1020369976758957 0.782820999622345 0.1961220055818558
v 0.102684997022152 0.7941920161247253 -0.1990830004215241
v 0.1026950031518936 0.7854620218276978 -0.007757000159472227
v 0.1032989993691444 0.855692982673645 0.3689199984073639
v 0.1036769971251488 1.066182971000671 -0.3008649945259094
v 0.1036909967660904 0.8027420043945313 0.008345999754965305
v 0.103693999350071 0.8799390196800232 0.4005390107631683
v 0.1045399978756905 0.949895977973938 0.3110019862651825
v 0.1047519966959953 0.8707519769668579 0.4032439887523651
v 0.1050530001521111 0.920091986656189 -0.3107089996337891
v 0.1050880029797554 0.9075750112533569 0.3787989914417267
v 0.1051800027489662 0.782185971736908 0.1845130026340485
v 0.1053680032491684 0.8190299868583679 0.3147780001163483
v 0.1054750010371208 0.8170989751815796 -0.2291789948940277
v 0.1058259978890419 0.8980450034141541 0.3877910077571869
v 0.1058999970555306 0.7717990279197693 -0.06708099693059921
v 0.1059509962797165 0.8284929990768433 0.3309029936790466
v 0.1067790016531944 0.8351320028305054 0.3543500006198883
v 0.1071219965815544 0.8581259846687317 0.4007030129432678
v 0.108134001493454 0.8577759861946106 0.3668799996376038
v 0.1082869991660118 0.931348979473114 0.3244430124759674
v 0.1087329983711243 0.8480730056762695 -0.2630900144577026
v 0.1091969981789589 0.8522940278053284 0.3577199876308441
v 0.1101849973201752 0.8544620275497437 0.3786540031433106
v 0.1102610006928444 0.8108670115470886 0.3010480105876923
v 0.1102660000324249 0.828266978263855 0.02400599978864193
v 0.110896997153759 0.8636879920959473 0.3628199994564056
v 0.1114979982376099 0.8129429817199707 0.1500979959964752
v 0.1115130037069321 0.8698689937591553 0.4011389911174774
v 0.1116629987955093 0.8839629888534546 0.3556329905986786
v 0.1118509992957115 0.8986589908599854 0.3838039934635162
v 0.1119370013475418 0.8793560266494751 0.3976939916610718
v 0.1123780012130737 0.8552129864692688 0.3934929966926575
v 0.1124200001358986 0.898173987865448 0.3592320084571838
v 0.1126599982380867 0.8205850124359131 0.3170720040798187
v 0.1143689975142479 1.144546985626221 -0.2538610100746155
v 0.1144519969820976 0.8836690187454224 0.3648679852485657
v 0.1156539991497994 0.8607749938964844 0.374330997467041
v 0.1158429980278015 0.7814919948577881 -0.05888399854302406
v 0.1158630028367043 0.9169809818267822 0.3374899923801422
v 0.116287998855114 0.8942720293998718 0.3748610019683838
v 0.116626001894474 0.8285430073738098 0.3319720029830933
v 0.116736002266407 0.7902870178222656 0.1699260026216507
v 0.1172790005803108 0.7669219970703125 -0.08510299772024155
v 0.1174139976501465 0.8373799920082092 0.3530569970607758
v 0.1181349977850914 0.865884006023407 0.3909499943256378
v 0.1183459982275963 0.8704450130462647 0.3714070022106171
v 0.1187380030751228 0.7950760126113892 0.2781839966773987
v 0.1189910024404526 0.8749690055847168 0.3848649859428406
v 0.1190219968557358 0.7822579741477966 0.2505750060081482
v 0.1194000020623207 0.810204029083252 0.3016000092029572
v 0.1197379976511002 0.8561260104179382 0.3506909906864166
v 0.1204710006713867 0.8608850240707398 0.1068279966711998
v 0.1229870021343231 0.7798609733581543 0.1789889931678772
v 0.1231110021471977 1.016113996505737 0.1782059967517853
v 0.1235949993133545 0.9234449863433838 0.2937540113925934
v 0.1236250028014183 1.099529027938843 0.1349429935216904
v 0.124500997364521 1.040287017822266 0.2313140034675598
v 0.1253190040588379 0.9936370253562927 -0.3099460005760193
v 0.1255290061235428 0.8231819868087769 0.3167510032653809
v 0.1257209926843643 0.9444260001182556 0.2809410095214844
v 0.126120001077652 0.7906910181045532 -0.05037700012326241
v 0.1263740062713623 0.8349499702453613 0.3300699889659882
v 0.1272840052843094 0.8127710223197937 0.1449140012264252
v 0.1273310035467148 0.7647690176963806 -0.1031820029020309
v 0.1281670033931732 0.7783139944076538 0.1872529983520508
v 0.1282429993152618 1.149374008178711 0.193572998046875
v 0.12848000228405 1.219709992408752 -0.1816290020942688
v 0.1290829926729202 0.799892008304596 0.2734020054340363
v 0.1295949965715408 1.043061017990112 0.2524189949035645
v 0.1299629956483841 0.8753790259361267 0.3343740105628967
v 0.130159005522728 0.8231260180473328 -0.0002779999922495335
v 0.130279004573822 0.8468620181083679 0.3426649868488312
v 0.1308660060167313 0.9085109829902649 0.3039909899234772
v 0.1316259950399399 0.8451970219612122 0.3228349983692169
v 0.131632000207901 1.055220007896423 -0.290677011013031
v 0.1322290003299713 1.171349048614502 0.2029349952936173
v 0.1324850022792816 0.8104689717292786 0.2968339920043945
v 0.132872998714447 0.9627590179443359 0.2707149982452393
v 0.1329679936170578 1.029181003570557 0.2622720003128052
v 0.1331550031900406 0.7894219756126404 0.165474995970726
v 0.1337520033121109 0.7859179973602295 0.24618199467659
v 0.1337999999523163 0.8873649835586548 0.3226779997348785
v 0.1339759975671768 0.8695470094680786 0.3144420087337494
v 0.1342699974775314 0.7755470275878906 -0.0781169980764389
v 0.1346160024404526 0.8091400265693665 -0.02598999999463558
v 0.1354230046272278 1.261929035186768 -0.1022669970989227
v 0.1356450021266937 0.8285490274429321 0.3149490058422089
v 0.1357440054416657 0.868848979473114 0.3258819878101349
v 0.1365949958562851 0.9957540035247803 0.26664999127388
v 0.1370780020952225 0.7781990170478821 0.1724440008401871
v 0.1375750005245209 0.897849977016449 0.2564519941806793
v 0.1377200037240982 0.7703350186347961 -0.1368129998445511
v 0.1387709975242615 1.269880056381226 -0.02500000037252903
v 0.1395310014486313 1.192602038383484 0.1932079941034317
v 0.1405729949474335 0.9310230016708374 -0.2957279980182648
v 0.1417980045080185 0.8186730146408081 0.1509809941053391
v 0.142085999250412 0.8157060146331787 0.2919920086860657
v 0.1421590000391007 1.256057977676392 0.03346399962902069
v 0.1425260007381439 0.8388450145721436 0.3093419969081879
v 0.1428110003471375 1.018823027610779 0.1794130057096481
v 0.1428550034761429 0.7802150249481201 -0.16007100045681
v 0.1435060054063797 0.900858998298645 0.2132019996643066
v 0.144324004650116 0.9304350018501282 0.247639000415802
v 0.1443510055541992 1.096815943717957 0.1434690058231354
v 0.1450819969177246 0.874675989151001 0.1277260035276413
v 0.1456689983606339 0.8025060296058655 -0.1898790001869202
v 0.146233007311821 0.7998780012130737 0.2706849873065949
v 0.1463299989700317 0.7879930138587952 -0.06316599994897842
v 0.1467429995536804 1.106390953063965 -0.255840003490448
v 0.1474329978227615 1.228024959564209 0.1067259982228279
v 0.1476200073957443 1.204612016677856 0.1685259938240051
v 0.1480109989643097 0.8268129825592041 -0.2175859957933426
v 0.1485839933156967 1.13611900806427 0.1903299987316132
v 0.1488679945468903 0.8574690222740173 -0.2469979971647263
v 0.1488800048828125 0.903889000415802 0.172105997800827
v 0.1489689946174622 0.7946040034294128 0.1678120046854019
v 0.1491920053958893 0.7731630206108093 -0.09355100244283676
v 0.1495050042867661 1.03341805934906 0.2198739945888519
v 0.1497090011835098 0.7760159969329834 0.1861799955368042
v 0.1498430073261261 0.8254789710044861 0.2831520140171051
v 0.1501690000295639 0.7900599837303162 0.2420019954442978
v 0.1502020061016083 0.8117030262947083 -0.03409299999475479
v 0.1506129950284958 0.9418269991874695 0.2496249973773956
v 0.1511240005493164 0.8474649786949158 0.2733510136604309
v 0.1525039970874786 0.8535900115966797 0.07309100031852722
v 0.1525640040636063 0.8600159883499146 0.2828649878501892
v 0.153096005320549 0.8219349980354309 0.2670510113239288
v 0.154559001326561 0.8754990100860596 0.2639180123806
v 0.1547109931707382 1.011734008789063 -0.2899990081787109
v 0.1553100049495697 0.8105430006980896 0.2694860100746155
v 0.1557040065526962 0.8549379706382752 0.2591809928417206
v 0.156360998749733 0.8647710084915161 0.1750240027904511
v 0.1564559936523438 1.154613018035889 0.1981340050697327
v 0.1568920016288757 0.8370260000228882 0.1762340068817139
v 0.157602995634079 0.8485829830169678 0.2231619954109192
v 0.1591960042715073 0.8677909970283508 0.2247080057859421
v 0.1594969928264618 0.7991139888763428 0.2358690053224564
v 0.1596110016107559 0.7850049734115601 0.1735469996929169
v 0.1608249992132187 0.8113660216331482 0.2324970066547394
v 0.1611060053110123 0.9079599976539612 0.1372340023517609
v 0.161425992846489 1.031103014945984 0.1854770034551621
v 0.1623509973287582 1.032801032066345 0.2363280057907105
v 0.1627490073442459 1.079318046569824 0.1519449949264526
v 0.1636669933795929 0.7812399864196777 -0.1247999966144562
v 0.1648679971694946 1.207947969436646 0.09291400015354157
v 0.1654130071401596 0.7883120179176331 0.1868250072002411
v 0.1662099957466126 1.167822957038879 0.1864559948444367
v 0.1665350049734116 1.037042021751404 0.2104900032281876
v 0.1670790016651154 0.8017929792404175 0.1843910068273544
v 0.1674550026655197 1.100515961647034 0.1804829984903336
v 0.167943999171257 0.788336992263794 -0.07784800231456757
v 0.1689099967479706 0.8270779848098755 -0.0005869999877177179
v 0.1693239957094193 0.9488450288772583 0.2053589969873428
v 0.1702409982681274 0.7932350039482117 -0.1460659950971603
v 0.1710270047187805 1.172636985778809 -0.1873610019683838
v 0.171655997633934 0.9619849920272827 0.1776359975337982
v 0.1718329936265945 1.0555499792099 0.1628199964761734
v 0.1720169931650162 1.184434056282044 0.1606020033359528
v 0.1720499992370606 1.045724034309387 0.1795990020036697
v 0.1731760054826737 0.8429039716720581 0.03974800184369087
v 0.1744289994239807 1.022287011146545 0.2460740059614182
v 0.1747850030660629 0.8138660192489624 -0.04569099843502045
v 0.1751919984817505 0.9455919861793518 -0.2758159935474396
v 0.1758610010147095 0.9681869745254517 0.161763995885849
v 0.1759530007839203 0.9546340107917786 0.2449669986963272
v 0.1762170046567917 0.8170959949493408 -0.1752640008926392
v 0.1768089979887009 1.234544038772583 0.01294100005179644
v 0.1776269972324371 0.8712149858474731 0.08181799948215485
v 0.1781470030546188 1.073760032653809 0.1865220069885254
v 0.178166002035141 1.237905979156494 -0.03943299874663353
v 0.178395003080368 1.055147051811218 0.1977020055055618
v 0.1790219992399216 0.8407419919967651 -0.2002200037240982
v 0.1797010004520416 0.9162139892578125 0.10521300137043
v 0.180757999420166 1.11923098564148 0.1923490017652512
v 0.1808339953422546 0.8714640140533447 -0.2283609956502914
v 0.1812260001897812 1.218796014785767 -0.1158239990472794
v 0.1821870058774948 0.9909589886665344 0.2483340054750443
v 0.183790996670723 1.038045048713684 0.2249590009450913
v 0.1854480057954788 0.9672650098800659 0.1278389990329742
v 0.1862359941005707 1.040550947189331 -0.2584629952907562
v 0.1866219937801361 1.131904006004334 0.1308059990406036
v 0.1888809949159622 0.8000940084457398 -0.1016829982399941
v 0.1896049976348877 0.8315749764442444 -0.01298800017684698
v 0.192784994840622 1.127418041229248 0.1795970052480698
v 0.1938160061836243 1.081184029579163 0.1926330029964447
v 0.1941590011119843 1.053292989730835 0.2032919973134995
v 0.1957959979772568 1.070973992347717 0.1307400017976761
v 0.1980250030755997 1.026332020759583 0.2337120026350021
v 0.1980309933423996 1.159927010536194 0.07005500048398972
v 0.1984689980745316 0.9542220234870911 0.211326003074646
v 0.2018679976463318 0.864700973033905 0.03562600165605545
v 0.2027470022439957 0.8133140206336975 -0.1205469965934753
v 0.2046730071306229 1.035092949867249 0.1409119963645935
v 0.2053000032901764 0.9874460101127625 0.1143980026245117
v 0.206616997718811 0.9793689846992493 0.1711319983005524
v 0.2073370069265366 0.9670500159263611 -0.2443969994783402
v 0.2090519964694977 0.8229230046272278 -0.07285899668931961
v 0.2091280072927475 1.079174995422363 0.1850930005311966
v 0.2097489982843399 1.087630987167358 -0.1969680041074753
v 0.2102590054273605 0.8613349795341492 -0.1744700074195862
v 0.2104739993810654 0.9666569828987122 0.18852299451828
v 0.2107920050621033 1.041733026504517 0.2002909928560257
v 0.2114060074090958 1.005517959594727 0.227620005607605
v 0.211434006690979 0.8401529788970947 -0.1494349986314774
v 0.2122679948806763 1.07266902923584 0.08011099696159363
v 0.2128310054540634 0.8896250128746033 -0.200764998793602
v 0.2130330055952072 0.8444139957427979 -0.03609799966216087
v 0.2132879942655563 0.9737390279769898 0.220440000295639
v 0.2155150026082993 1.172937035560608 -0.001387999975122511
v 0.2184650003910065 1.168437957763672 -0.06030400097370148
v 0.2186840027570725 1.141420960426331 -0.1264130026102066
v 0.2189140021800995 0.8339920043945313 -0.08853700011968613
v 0.2191340029239655 1.021075010299683 0.0970430001616478
v 0.2192450016736984 0.9294400215148926 0.06944599747657776
v 0.2209720015525818 1.038104057312012 0.1615709960460663
v 0.2220830023288727 0.9803259968757629 0.1988040059804916
v 0.2222460061311722 0.9879840016365051 0.1214929968118668
v 0.2226320058107376 0.9888460040092468 0.1759240031242371
v 0.2234320044517517 0.8777289986610413 0.01708200015127659
v 0.2238799929618835 1.000777959823608 -0.1866260021924973
v 0.2242009937763214 1.014039993286133 0.1970279961824417
v 0.2243430018424988 0.9215800166130066 -0.1601130068302155
v 0.2259950041770935 0.859611988067627 -0.05345200002193451
v 0.2267609983682632 1.026487946510315 0.1730410009622574
v 0.2292480021715164 1.012074947357178 0.1761389970779419
v 0.2322379946708679 0.8897979855537415 -0.137375995516777
v 0.2336360067129135 0.9909989833831787 0.1225930005311966
v 0.2348760068416596 0.9370390176773071 0.05705099925398827
v 0.2349459975957871 0.8642839789390564 -0.1186140030622482
v 0.2363529950380325 0.8938940167427063 0.00128600001335144
v 0.2368759959936142 1.042742967605591 -0.1171019971370697
v 0.239100992679596 1.012830018997192 0.1125610023736954
v 0.2394739985466003 1.073896050453186 0.001981999957934022
v 0.2410729974508286 1.003980994224548 0.1217299997806549
v 0.2414969950914383 0.9525840282440186 -0.1015300005674362
v 0.2432180047035217 0.8899989724159241 -0.07461299747228622
v 0.2438450008630753 0.9177410006523132 -0.08983899652957916
v 0.2448530048131943 0.9456539750099182 0.04961699992418289
v 0.2464769929647446 1.066987037658691 -0.04833900183439255
v 0.2523399889469147 0.9228649735450745 -0.01420299988240004
v 0.2532700002193451 0.9800019860267639 -0.03628699854016304
v 0.2561799883842468 1.00562596321106 0.02643799968063831
v 0.25798699259758 0.965345025062561 0.04658100008964539
v 0.2581619918346405 0.9476510286331177 -0.02382499910891056
v 0.2605310082435608 0.9822369813919067 0.04189499840140343
