v  0.0000 0.0297 -0.0000
v  -8.0110 0.0297 2.6029
v  -8.4233 0.0297 -0.0000
v  -8.7347 0.6120 -0.0000
v  -8.3072 0.6120 2.6992
v  -7.7785 1.4450 2.5274
v  -8.1788 1.4450 -0.0000
v  -6.9161 2.8622 2.2472
v  -7.2721 2.8622 -0.0000
v  -6.1253 4.2833 1.9902
v  -6.4406 4.2833 -0.0000
v  -5.4419 5.7102 1.7682
v  -5.7220 5.7102 -0.0000
v  -4.9017 7.1448 1.5927
v  -5.1540 7.1448 -0.0000
v  -4.5405 8.5891 1.4753
v  -4.7741 8.5891 -0.0000
v  -4.3940 10.0451 1.4277
v  -4.6202 10.0451 -0.0000
v  -4.8393 13.7068 1.5724
v  -5.0884 13.7068 -0.0000
v  -6.0613 18.0043 1.9694
v  -6.3732 18.0043 -0.0000
v  -7.7080 22.6817 2.5045
v  -8.1047 22.6817 -0.0000
v  -9.4275 27.4837 3.0632
v  -9.9126 27.4837 0.0000
v  -10.8678 32.1544 3.5311
v  -11.4270 32.1544 0.0000
v  -11.6768 36.4385 3.7940
v  -12.2778 36.4385 0.0000
v  -11.5028 40.0802 3.7375
v  -12.0948 40.0802 0.0000
v  -9.9872 42.6051 3.2450
v  -10.5012 42.6051 0.0000
v  -8.7846 43.7857 2.8543
v  -9.2367 43.7857 0.0000
v  -7.4724 44.9250 2.4279
v  -7.8570 44.9250 0.0000
v  -6.1907 46.0332 2.0115
v  -6.5093 46.0332 0.0000
v  -5.0795 47.1202 1.6504
v  -5.3409 47.1202 0.0000
v  -4.2791 48.1961 1.3904
v  -4.4993 48.1961 0.0000
v  -4.0481 49.1301 1.3153
v  -4.2564 49.1301 0.0000
v  -4.1510 50.3505 1.3488
v  -4.3646 50.3505 0.0000
v  -4.5451 51.7048 1.4768
v  -4.7790 51.7048 0.0000
v  -5.1875 53.0401 1.6855
v  -5.4545 53.0401 0.0000
v  -6.0354 54.2037 1.9610
v  -6.3460 54.2037 0.0000
v  -7.0460 55.0429 2.2894
v  -7.4086 55.0429 0.0000
v  -8.1765 55.4049 2.6567
v  -8.5972 55.4049 0.0000
v  -9.1288 55.6741 2.9661
v  -9.5986 55.6741 0.0000
v  -9.7602 56.3687 3.1713
v  -10.2625 56.3687 0.0000
v  -10.0729 57.3188 3.2729
v  -10.5913 57.3188 0.0000
v  -10.0688 58.3548 3.2715
v  -10.5869 58.3548 0.0000
v  -9.7500 59.3067 3.1680
v  -10.2517 59.3067 0.0000
v  -9.1185 60.0048 2.9628
v  -9.5878 60.0048 0.0000
v  -8.1765 60.2793 2.6567
v  -8.5972 60.2793 0.0000
v  -6.8146 0.0297 4.9511
v  -7.0665 0.6120 5.1341
v  -6.6168 1.4450 4.8074
v  -5.8832 2.8622 4.2744
v  -5.2105 4.2833 3.7857
v  -4.6292 5.7102 3.3633
v  -4.1696 7.1448 3.0294
v  -3.8624 8.5891 2.8062
v  -3.7378 10.0451 2.7157
v  -4.1166 13.7068 2.9909
v  -5.1561 18.0043 3.7461
v  -6.5568 22.6817 4.7638
v  -8.0195 27.4837 5.8265
v  -9.2447 32.1544 6.7166
v  -9.9329 36.4385 7.2167
v  -9.7849 40.0802 7.1091
v  -8.4956 42.6051 6.1724
v  -7.4727 43.7857 5.4292
v  -6.3564 44.9250 4.6182
v  -5.2661 46.0332 3.8260
v  -4.3209 47.1202 3.1393
v  -3.6400 48.1961 2.6446
v  -3.4435 49.1301 2.5019
v  -3.5311 50.3505 2.5655
v  -3.8663 51.7048 2.8090
v  -4.4128 53.0401 3.2061
v  -5.1340 54.2037 3.7301
v  -5.9937 55.0429 4.3547
v  -6.9553 55.4049 5.0533
v  -7.7654 55.6741 5.6419
v  -8.3025 56.3687 6.0322
v  -8.5685 57.3188 6.2254
v  -8.5650 58.3548 6.2229
v  -8.2938 59.3067 6.0258
v  -7.7567 60.0048 5.6356
v  -6.9553 60.2793 5.0533
v  -4.9511 0.0297 6.8146
v  -5.1341 0.6120 7.0665
v  -4.8074 1.4450 6.6168
v  -4.2744 2.8622 5.8832
v  -3.7857 4.2833 5.2105
v  -3.3633 5.7102 4.6292
v  -3.0294 7.1448 4.1696
v  -2.8062 8.5891 3.8624
v  -2.7157 10.0451 3.7378
v  -2.9909 13.7068 4.1166
v  -3.7461 18.0043 5.1561
v  -4.7638 22.6817 6.5568
v  -5.8265 27.4837 8.0195
v  -6.7166 32.1544 9.2447
v  -7.2167 36.4385 9.9329
v  -7.1091 40.0802 9.7849
v  -6.1724 42.6051 8.4956
v  -5.4292 43.7857 7.4727
v  -4.6182 44.9250 6.3564
v  -3.8260 46.0332 5.2661
v  -3.1393 47.1202 4.3209
v  -2.6446 48.1961 3.6400
v  -2.5019 49.1301 3.4435
v  -2.5655 50.3505 3.5311
v  -2.8090 51.7048 3.8663
v  -3.2061 53.0401 4.4128
v  -3.7301 54.2037 5.1340
v  -4.3547 55.0429 5.9937
v  -5.0533 55.4049 6.9553
v  -5.6419 55.6741 7.7654
v  -6.0321 56.3687 8.3025
v  -6.2254 57.3188 8.5685
v  -6.2228 58.3548 8.5650
v  -6.0258 59.3067 8.2938
v  -5.6356 60.0048 7.7567
v  -5.0533 60.2793 6.9553
v  -2.6029 0.0297 8.0110
v  -2.6992 0.6120 8.3072
v  -2.5274 1.4450 7.7785
v  -2.2472 2.8622 6.9161
v  -1.9902 4.2833 6.1253
v  -1.7682 5.7102 5.4419
v  -1.5927 7.1448 4.9017
v  -1.4753 8.5891 4.5405
v  -1.4277 10.0451 4.3940
v  -1.5724 13.7068 4.8393
v  -1.9694 18.0043 6.0613
v  -2.5045 22.6817 7.7080
v  -3.0632 27.4837 9.4275
v  -3.5311 32.1544 10.8678
v  -3.7940 36.4385 11.6768
v  -3.7375 40.0802 11.5028
v  -3.2450 42.6051 9.9872
v  -2.8543 43.7857 8.7846
v  -2.4279 44.9250 7.4724
v  -2.0115 46.0332 6.1907
v  -1.6504 47.1202 5.0795
v  -1.3904 48.1961 4.2791
v  -1.3153 49.1301 4.0481
v  -1.3487 50.3505 4.1510
v  -1.4768 51.7048 4.5451
v  -1.6855 53.0401 5.1875
v  -1.9610 54.2037 6.0354
v  -2.2894 55.0429 7.0460
v  -2.6567 55.4049 8.1765
v  -2.9661 55.6741 9.1288
v  -3.1713 56.3687 9.7602
v  -3.2729 57.3188 10.0729
v  -3.2715 58.3548 10.0688
v  -3.1680 59.3067 9.7500
v  -2.9628 60.0048 9.1185
v  -2.6567 60.2793 8.1765
v  -0.0000 0.0297 8.4233
v  -0.0000 0.6120 8.7347
v  -0.0000 1.4450 8.1788
v  -0.0000 2.8622 7.2721
v  -0.0000 4.2833 6.4406
v  -0.0000 5.7102 5.7220
v  -0.0000 7.1448 5.1540
v  -0.0000 8.5891 4.7741
v  -0.0000 10.0451 4.6202
v  -0.0000 13.7068 5.0884
v  -0.0000 18.0043 6.3732
v  0.0000 22.6817 8.1047
v  0.0000 27.4837 9.9126
v  0.0000 32.1544 11.4270
v  0.0000 36.4385 12.2778
v  0.0000 40.0802 12.0948
v  0.0000 42.6051 10.5012
v  0.0000 43.7857 9.2367
v  0.0000 44.9250 7.8570
v  0.0000 46.0332 6.5093
v  0.0000 47.1202 5.3409
v  0.0000 48.1961 4.4993
v  0.0000 49.1301 4.2564
v  0.0000 50.3505 4.3646
v  0.0000 51.7048 4.7790
v  0.0000 53.0401 5.4545
v  0.0000 54.2037 6.3460
v  0.0000 55.0429 7.4086
v  0.0000 55.4049 8.5972
v  0.0000 55.6741 9.5986
v  0.0000 56.3687 10.2625
v  0.0000 57.3188 10.5913
v  0.0000 58.3548 10.5869
v  0.0000 59.3067 10.2517
v  0.0000 60.0048 9.5878
v  0.0000 60.2793 8.5972
v  2.6029 0.0297 8.0110
v  2.6992 0.6120 8.3072
v  2.5274 1.4450 7.7785
v  2.2472 2.8622 6.9161
v  1.9902 4.2833 6.1253
v  1.7682 5.7102 5.4419
v  1.5927 7.1448 4.9017
v  1.4753 8.5891 4.5405
v  1.4277 10.0451 4.3941
v  1.5724 13.7068 4.8393
v  1.9694 18.0043 6.0613
v  2.5045 22.6817 7.7080
v  3.0632 27.4837 9.4275
v  3.5311 32.1544 10.8678
v  3.7940 36.4385 11.6768
v  3.7375 40.0802 11.5028
v  3.2450 42.6051 9.9872
v  2.8543 43.7857 8.7846
v  2.4279 44.9250 7.4724
v  2.0115 46.0332 6.1907
v  1.6504 47.1202 5.0795
v  1.3904 48.1961 4.2791
v  1.3153 49.1301 4.0481
v  1.3488 50.3505 4.1510
v  1.4768 51.7048 4.5451
v  1.6855 53.0401 5.1875
v  1.9610 54.2037 6.0354
v  2.2894 55.0429 7.0460
v  2.6567 55.4049 8.1765
v  2.9661 55.6741 9.1288
v  3.1713 56.3687 9.7602
v  3.2729 57.3188 10.0729
v  3.2716 58.3548 10.0688
v  3.1680 59.3067 9.7500
v  2.9628 60.0048 9.1185
v  2.6567 60.2793 8.1765
v  4.9511 0.0297 6.8146
v  5.1341 0.6120 7.0665
v  4.8074 1.4450 6.6168
v  4.2744 2.8622 5.8832
v  3.7857 4.2833 5.2105
v  3.3633 5.7102 4.6292
v  3.0294 7.1448 4.1696
v  2.8062 8.5891 3.8624
v  2.7157 10.0451 3.7378
v  2.9909 13.7068 4.1166
v  3.7461 18.0043 5.1561
v  4.7638 22.6817 6.5568
v  5.8265 27.4837 8.0195
v  6.7166 32.1544 9.2447
v  7.2167 36.4385 9.9329
v  7.1091 40.0802 9.7849
v  6.1724 42.6051 8.4956
v  5.4292 43.7857 7.4727
v  4.6182 44.9250 6.3564
v  3.8260 46.0332 5.2661
v  3.1393 47.1202 4.3209
v  2.6446 48.1961 3.6400
v  2.5019 49.1301 3.4435
v  2.5655 50.3505 3.5311
v  2.8090 51.7048 3.8663
v  3.2061 53.0401 4.4128
v  3.7301 54.2037 5.1340
v  4.3547 55.0429 5.9937
v  5.0533 55.4049 6.9553
v  5.6419 55.6741 7.7654
v  6.0322 56.3687 8.3025
v  6.2254 57.3188 8.5685
v  6.2229 58.3548 8.5650
v  6.0258 59.3067 8.2938
v  5.6356 60.0048 7.7567
v  5.0533 60.2793 6.9553
v  6.8146 0.0297 4.9511
v  7.0665 0.6120 5.1341
v  6.6168 1.4450 4.8074
v  5.8832 2.8622 4.2744
v  5.2105 4.2833 3.7857
v  4.6292 5.7102 3.3633
v  4.1696 7.1448 3.0294
v  3.8624 8.5891 2.8062
v  3.7378 10.0451 2.7157
v  4.1166 13.7068 2.9909
v  5.1561 18.0043 3.7461
v  6.5568 22.6817 4.7638
v  8.0195 27.4837 5.8265
v  9.2447 32.1544 6.7166
v  9.9329 36.4385 7.2167
v  9.7849 40.0802 7.1091
v  8.4956 42.6051 6.1724
v  7.4727 43.7857 5.4292
v  6.3564 44.9250 4.6182
v  5.2661 46.0332 3.8260
v  4.3209 47.1202 3.1393
v  3.6400 48.1961 2.6446
v  3.4435 49.1301 2.5018
v  3.5311 50.3505 2.5655
v  3.8663 51.7048 2.8090
v  4.4128 53.0401 3.2061
v  5.1341 54.2037 3.7301
v  5.9937 55.0429 4.3547
v  6.9553 55.4049 5.0533
v  7.7654 55.6741 5.6419
v  8.3026 56.3687 6.0321
v  8.5685 57.3188 6.2254
v  8.5650 58.3548 6.2228
v  8.2938 59.3067 6.0258
v  7.7567 60.0048 5.6356
v  6.9553 60.2793 5.0533
v  8.0110 0.0297 2.6029
v  8.3072 0.6120 2.6992
v  7.7785 1.4450 2.5274
v  6.9161 2.8622 2.2472
v  6.1253 4.2833 1.9902
v  5.4419 5.7102 1.7682
v  4.9017 7.1448 1.5927
v  4.5405 8.5891 1.4753
v  4.3940 10.0451 1.4277
v  4.8393 13.7068 1.5724
v  6.0613 18.0043 1.9694
v  7.7080 22.6817 2.5045
v  9.4275 27.4837 3.0632
v  10.8678 32.1544 3.5311
v  11.6768 36.4385 3.7940
v  11.5028 40.0802 3.7375
v  9.9872 42.6051 3.2450
v  8.7846 43.7857 2.8543
v  7.4724 44.9250 2.4279
v  6.1907 46.0332 2.0115
v  5.0795 47.1202 1.6504
v  4.2791 48.1961 1.3904
v  4.0481 49.1301 1.3153
v  4.1510 50.3505 1.3487
v  4.5451 51.7048 1.4768
v  5.1875 53.0401 1.6855
v  6.0354 54.2037 1.9610
v  7.0460 55.0429 2.2894
v  8.1765 55.4049 2.6567
v  9.1288 55.6741 2.9661
v  9.7602 56.3687 3.1713
v  10.0729 57.3188 3.2729
v  10.0688 58.3548 3.2715
v  9.7500 59.3067 3.1680
v  9.1185 60.0048 2.9628
v  8.1765 60.2793 2.6567
v  8.4233 0.0297 0.0000
v  8.7347 0.6120 0.0000
v  8.1788 1.4450 0.0000
v  7.2721 2.8622 0.0000
v  6.4406 4.2833 0.0000
v  5.7220 5.7102 0.0000
v  5.1540 7.1448 0.0000
v  4.7741 8.5891 0.0000
v  4.6202 10.0451 0.0000
v  5.0884 13.7068 0.0000
v  6.3732 18.0043 0.0000
v  8.1047 22.6817 0.0000
v  9.9126 27.4837 -0.0000
v  11.4270 32.1544 -0.0000
v  12.2778 36.4385 -0.0000
v  12.0948 40.0802 -0.0000
v  10.5012 42.6051 -0.0000
v  9.2367 43.7857 -0.0000
v  7.8570 44.9250 -0.0000
v  6.5093 46.0332 -0.0000
v  5.3409 47.1202 -0.0000
v  4.4993 48.1961 -0.0000
v  4.2564 49.1301 -0.0000
v  4.3646 50.3505 -0.0000
v  4.7790 51.7048 -0.0000
v  5.4545 53.0401 -0.0000
v  6.3460 54.2037 -0.0000
v  7.4086 55.0429 -0.0000
v  8.5972 55.4049 -0.0000
v  9.5986 55.6741 -0.0000
v  10.2625 56.3687 -0.0000
v  10.5913 57.3188 -0.0000
v  10.5869 58.3548 -0.0000
v  10.2517 59.3067 -0.0000
v  9.5878 60.0048 -0.0000
v  8.5972 60.2793 -0.0000
v  8.0110 0.0297 -2.6029
v  8.3072 0.6120 -2.6992
v  7.7785 1.4450 -2.5274
v  6.9161 2.8622 -2.2472
v  6.1253 4.2833 -1.9902
v  5.4419 5.7102 -1.7682
v  4.9017 7.1448 -1.5927
v  4.5405 8.5891 -1.4753
v  4.3940 10.0451 -1.4277
v  4.8393 13.7068 -1.5724
v  6.0613 18.0043 -1.9694
v  7.7080 22.6817 -2.5045
v  9.4275 27.4837 -3.0632
v  10.8678 32.1544 -3.5312
v  11.6768 36.4385 -3.7940
v  11.5028 40.0802 -3.7375
v  9.9872 42.6051 -3.2450
v  8.7846 43.7857 -2.8543
v  7.4724 44.9250 -2.4279
v  6.1907 46.0332 -2.0115
v  5.0795 47.1202 -1.6504
v  4.2791 48.1961 -1.3904
v  4.0481 49.1301 -1.3153
v  4.1510 50.3505 -1.3488
v  4.5451 51.7048 -1.4768
v  5.1875 53.0401 -1.6855
v  6.0354 54.2037 -1.9610
v  7.0460 55.0429 -2.2894
v  8.1765 55.4049 -2.6567
v  9.1288 55.6741 -2.9661
v  9.7602 56.3687 -3.1713
v  10.0729 57.3188 -3.2729
v  10.0688 58.3548 -3.2716
v  9.7500 59.3067 -3.1680
v  9.1185 60.0048 -2.9628
v  8.1765 60.2793 -2.6567
v  6.8146 0.0297 -4.9511
v  7.0665 0.6120 -5.1341
v  6.6168 1.4450 -4.8074
v  5.8832 2.8622 -4.2744
v  5.2105 4.2833 -3.7857
v  4.6292 5.7102 -3.3633
v  4.1696 7.1448 -3.0294
v  3.8624 8.5891 -2.8062
v  3.7378 10.0451 -2.7157
v  4.1166 13.7068 -2.9909
v  5.1561 18.0043 -3.7461
v  6.5568 22.6817 -4.7638
v  8.0195 27.4837 -5.8265
v  9.2447 32.1544 -6.7166
v  9.9329 36.4385 -7.2167
v  9.7849 40.0802 -7.1091
v  8.4956 42.6051 -6.1724
v  7.4727 43.7857 -5.4292
v  6.3564 44.9250 -4.6182
v  5.2661 46.0332 -3.8261
v  4.3209 47.1202 -3.1393
v  3.6400 48.1961 -2.6446
v  3.4435 49.1301 -2.5019
v  3.5311 50.3505 -2.5655
v  3.8663 51.7048 -2.8090
v  4.4128 53.0401 -3.2061
v  5.1340 54.2037 -3.7301
v  5.9937 55.0429 -4.3547
v  6.9553 55.4049 -5.0533
v  7.7654 55.6741 -5.6419
v  8.3025 56.3687 -6.0322
v  8.5685 57.3188 -6.2254
v  8.5650 58.3548 -6.2229
v  8.2938 59.3067 -6.0258
v  7.7567 60.0048 -5.6356
v  6.9553 60.2793 -5.0533
v  4.9511 0.0297 -6.8146
v  5.1341 0.6120 -7.0665
v  4.8074 1.4450 -6.6168
v  4.2744 2.8622 -5.8832
v  3.7857 4.2833 -5.2105
v  3.3633 5.7102 -4.6292
v  3.0294 7.1448 -4.1696
v  2.8062 8.5891 -3.8624
v  2.7157 10.0451 -3.7378
v  2.9909 13.7068 -4.1166
v  3.7461 18.0043 -5.1560
v  4.7638 22.6817 -6.5568
v  5.8265 27.4837 -8.0195
v  6.7166 32.1544 -9.2447
v  7.2167 36.4385 -9.9329
v  7.1091 40.0802 -9.7849
v  6.1724 42.6051 -8.4956
v  5.4292 43.7857 -7.4727
v  4.6182 44.9250 -6.3564
v  3.8260 46.0332 -5.2661
v  3.1393 47.1202 -4.3209
v  2.6446 48.1961 -3.6400
v  2.5019 49.1301 -3.4435
v  2.5655 50.3505 -3.5311
v  2.8090 51.7048 -3.8663
v  3.2061 53.0401 -4.4128
v  3.7301 54.2037 -5.1341
v  4.3547 55.0429 -5.9937
v  5.0533 55.4049 -6.9553
v  5.6419 55.6741 -7.7654
v  6.0322 56.3687 -8.3026
v  6.2254 57.3188 -8.5685
v  6.2228 58.3548 -8.5650
v  6.0258 59.3067 -8.2938
v  5.6356 60.0048 -7.7567
v  5.0533 60.2793 -6.9553
v  2.6029 0.0297 -8.0110
v  2.6992 0.6120 -8.3072
v  2.5274 1.4450 -7.7785
v  2.2472 2.8622 -6.9161
v  1.9902 4.2833 -6.1253
v  1.7682 5.7102 -5.4419
v  1.5927 7.1448 -4.9017
v  1.4753 8.5891 -4.5405
v  1.4277 10.0451 -4.3940
v  1.5724 13.7068 -4.8393
v  1.9694 18.0043 -6.0613
v  2.5045 22.6817 -7.7080
v  3.0632 27.4837 -9.4275
v  3.5311 32.1544 -10.8678
v  3.7940 36.4385 -11.6768
v  3.7375 40.0802 -11.5028
v  3.2450 42.6051 -9.9872
v  2.8543 43.7857 -8.7846
v  2.4279 44.9250 -7.4724
v  2.0115 46.0332 -6.1907
v  1.6504 47.1202 -5.0795
v  1.3904 48.1961 -4.2791
v  1.3153 49.1301 -4.0481
v  1.3487 50.3505 -4.1510
v  1.4768 51.7048 -4.5451
v  1.6855 53.0401 -5.1875
v  1.9610 54.2037 -6.0354
v  2.2894 55.0429 -7.0460
v  2.6567 55.4049 -8.1765
v  2.9661 55.6741 -9.1288
v  3.1713 56.3687 -9.7602
v  3.2729 57.3188 -10.0729
v  3.2715 58.3548 -10.0688
v  3.1680 59.3067 -9.7500
v  2.9628 60.0048 -9.1185
v  2.6567 60.2793 -8.1765
v  0.0000 0.0297 -8.4233
v  0.0000 0.6120 -8.7347
v  0.0000 1.4450 -8.1788
v  0.0000 2.8622 -7.2720
v  0.0000 4.2833 -6.4405
v  0.0000 5.7102 -5.7220
v  0.0000 7.1448 -5.1540
v  0.0000 8.5891 -4.7741
v  0.0000 10.0451 -4.6202
v  0.0000 13.7068 -5.0884
v  0.0000 18.0043 -6.3732
v  0.0000 22.6817 -8.1047
v  0.0000 27.4837 -9.9126
v  -0.0000 32.1544 -11.4270
v  -0.0000 36.4385 -12.2778
v  -0.0000 40.0802 -12.0948
v  -0.0000 42.6051 -10.5012
v  -0.0000 43.7857 -9.2367
v  -0.0000 44.9250 -7.8570
v  -0.0000 46.0332 -6.5093
v  -0.0000 47.1202 -5.3409
v  -0.0000 48.1961 -4.4993
v  -0.0000 49.1301 -4.2564
v  -0.0000 50.3505 -4.3647
v  -0.0000 51.7048 -4.7790
v  -0.0000 53.0401 -5.4545
v  -0.0000 54.2037 -6.3460
v  -0.0000 55.0429 -7.4086
v  -0.0000 55.4049 -8.5973
v  -0.0000 55.6741 -9.5986
v  -0.0000 56.3687 -10.2625
v  -0.0000 57.3188 -10.5913
v  -0.0000 58.3548 -10.5869
v  -0.0000 59.3067 -10.2517
v  -0.0000 60.0048 -9.5878
v  -0.0000 60.2793 -8.5973
v  -2.6029 0.0297 -8.0110
v  -2.6992 0.6120 -8.3072
v  -2.5274 1.4450 -7.7785
v  -2.2472 2.8622 -6.9161
v  -1.9902 4.2833 -6.1253
v  -1.7682 5.7102 -5.4419
v  -1.5927 7.1448 -4.9017
v  -1.4753 8.5891 -4.5405
v  -1.4277 10.0451 -4.3940
v  -1.5724 13.7068 -4.8393
v  -1.9694 18.0043 -6.0613
v  -2.5045 22.6817 -7.7080
v  -3.0632 27.4837 -9.4275
v  -3.5311 32.1544 -10.8678
v  -3.7940 36.4385 -11.6768
v  -3.7375 40.0802 -11.5028
v  -3.2450 42.6051 -9.9872
v  -2.8543 43.7857 -8.7846
v  -2.4279 44.9250 -7.4724
v  -2.0115 46.0332 -6.1907
v  -1.6504 47.1202 -5.0795
v  -1.3904 48.1961 -4.2791
v  -1.3153 49.1301 -4.0481
v  -1.3488 50.3505 -4.1510
v  -1.4768 51.7048 -4.5451
v  -1.6855 53.0401 -5.1875
v  -1.9610 54.2037 -6.0354
v  -2.2894 55.0429 -7.0460
v  -2.6567 55.4049 -8.1765
v  -2.9661 55.6741 -9.1288
v  -3.1713 56.3687 -9.7602
v  -3.2729 57.3188 -10.0729
v  -3.2716 58.3548 -10.0688
v  -3.1680 59.3067 -9.7500
v  -2.9628 60.0048 -9.1185
v  -2.6567 60.2793 -8.1765
v  -4.9511 0.0297 -6.8146
v  -5.1341 0.6120 -7.0665
v  -4.8074 1.4450 -6.6168
v  -4.2744 2.8622 -5.8832
v  -3.7857 4.2833 -5.2105
v  -3.3633 5.7102 -4.6292
v  -3.0294 7.1448 -4.1696
v  -2.8062 8.5891 -3.8624
v  -2.7157 10.0451 -3.7378
v  -2.9909 13.7068 -4.1166
v  -3.7461 18.0043 -5.1561
v  -4.7638 22.6817 -6.5568
v  -5.8265 27.4837 -8.0195
v  -6.7166 32.1544 -9.2447
v  -7.2167 36.4385 -9.9329
v  -7.1091 40.0802 -9.7849
v  -6.1724 42.6051 -8.4956
v  -5.4292 43.7857 -7.4727
v  -4.6182 44.9250 -6.3564
v  -3.8260 46.0332 -5.2661
v  -3.1393 47.1202 -4.3209
v  -2.6446 48.1961 -3.6400
v  -2.5019 49.1301 -3.4435
v  -2.5655 50.3505 -3.5311
v  -2.8090 51.7048 -3.8663
v  -3.2061 53.0401 -4.4128
v  -3.7301 54.2037 -5.1340
v  -4.3547 55.0429 -5.9937
v  -5.0533 55.4049 -6.9553
v  -5.6419 55.6741 -7.7654
v  -6.0322 56.3687 -8.3025
v  -6.2254 57.3188 -8.5685
v  -6.2229 58.3548 -8.5650
v  -6.0258 59.3067 -8.2938
v  -5.6356 60.0048 -7.7567
v  -5.0533 60.2793 -6.9553
v  -6.8146 0.0297 -4.9511
v  -7.0665 0.6120 -5.1341
v  -6.6168 1.4450 -4.8074
v  -5.8832 2.8622 -4.2744
v  -5.2105 4.2833 -3.7857
v  -4.6292 5.7102 -3.3633
v  -4.1696 7.1448 -3.0294
v  -3.8624 8.5891 -2.8062
v  -3.7378 10.0451 -2.7157
v  -4.1166 13.7068 -2.9909
v  -5.1561 18.0043 -3.7461
v  -6.5568 22.6817 -4.7638
v  -8.0195 27.4837 -5.8265
v  -9.2447 32.1544 -6.7166
v  -9.9329 36.4385 -7.2167
v  -9.7849 40.0802 -7.1091
v  -8.4956 42.6051 -6.1724
v  -7.4727 43.7857 -5.4292
v  -6.3564 44.9250 -4.6182
v  -5.2661 46.0332 -3.8260
v  -4.3209 47.1202 -3.1393
v  -3.6400 48.1961 -2.6446
v  -3.4435 49.1301 -2.5019
v  -3.5311 50.3505 -2.5655
v  -3.8663 51.7048 -2.8090
v  -4.4128 53.0401 -3.2061
v  -5.1341 54.2037 -3.7301
v  -5.9937 55.0429 -4.3547
v  -6.9553 55.4049 -5.0533
v  -7.7654 55.6741 -5.6419
v  -8.3026 56.3687 -6.0322
v  -8.5685 57.3188 -6.2254
v  -8.5650 58.3548 -6.2229
v  -8.2938 59.3067 -6.0258
v  -7.7567 60.0048 -5.6356
v  -6.9553 60.2793 -5.0533
v  -8.0110 0.0297 -2.6029
v  -8.3072 0.6120 -2.6992
v  -7.7785 1.4450 -2.5274
v  -6.9161 2.8622 -2.2472
v  -6.1253 4.2833 -1.9902
v  -5.4419 5.7102 -1.7682
v  -4.9017 7.1448 -1.5927
v  -4.5405 8.5891 -1.4753
v  -4.3940 10.0451 -1.4277
v  -4.8393 13.7068 -1.5724
v  -6.0613 18.0043 -1.9694
v  -7.7080 22.6817 -2.5045
v  -9.4275 27.4837 -3.0632
v  -10.8678 32.1544 -3.5311
v  -11.6768 36.4385 -3.7940
v  -11.5028 40.0802 -3.7375
v  -9.9872 42.6051 -3.2450
v  -8.7846 43.7857 -2.8543
v  -7.4724 44.9250 -2.4279
v  -6.1907 46.0332 -2.0115
v  -5.0795 47.1202 -1.6504
v  -4.2791 48.1961 -1.3904
v  -4.0481 49.1301 -1.3153
v  -4.1510 50.3505 -1.3487
v  -4.5451 51.7048 -1.4768
v  -5.1875 53.0401 -1.6855
v  -6.0354 54.2037 -1.9610
v  -7.0460 55.0429 -2.2894
v  -8.1765 55.4049 -2.6567
v  -9.1288 55.6741 -2.9661
v  -9.7602 56.3687 -3.1713
v  -10.0729 57.3188 -3.2729
v  -10.0688 58.3548 -3.2715
v  -9.7500 59.3067 -3.1680
v  -9.1185 60.0048 -2.9628
v  -8.1765 60.2793 -2.6567
v  -7.8675 59.3999 2.5563
v  -8.2724 59.3999 0.0000
v  -6.6925 59.3999 4.8624
v  -4.8624 59.3999 6.6925
v  -2.5563 59.3999 7.8675
v  0.0000 59.3999 8.2724
v  2.5563 59.3999 7.8675
v  4.8624 59.3999 6.6925
v  6.6925 59.3999 4.8624
v  7.8675 59.3999 2.5563
v  8.2724 59.3999 -0.0000
v  7.8675 59.3999 -2.5563
v  6.6925 59.3999 -4.8624
v  4.8624 59.3999 -6.6925
v  2.5563 59.3999 -7.8675
v  -0.0000 59.3999 -8.2724
v  -2.5563 59.3999 -7.8675
v  -4.8624 59.3999 -6.6925
v  -6.6925 59.3999 -4.8624
v  -7.8675 59.3999 -2.5563
v  -6.9795 56.5627 2.2678
v  -7.3387 56.5627 0.0000
v  -8.4169 58.1056 0.0000
v  -8.0049 58.1056 2.6010
v  -5.9372 56.5627 4.3136
v  -6.8094 58.1056 4.9473
v  -4.3136 56.5627 5.9372
v  -4.9473 58.1056 6.8094
v  -2.2678 56.5627 6.9795
v  -2.6010 58.1056 8.0049
v  0.0000 56.5627 7.3387
v  0.0000 58.1056 8.4169
v  2.2678 56.5627 6.9795
v  2.6010 58.1056 8.0049
v  4.3136 56.5627 5.9372
v  4.9473 58.1056 6.8094
v  5.9372 56.5627 4.3136
v  6.8094 58.1056 4.9473
v  6.9796 56.5627 2.2678
v  8.0049 58.1056 2.6010
v  7.3387 56.5627 -0.0000
v  8.4169 58.1056 -0.0000
v  6.9795 56.5627 -2.2678
v  8.0049 58.1056 -2.6010
v  5.9372 56.5627 -4.3136
v  6.8094 58.1056 -4.9473
v  4.3136 56.5627 -5.9372
v  4.9473 58.1056 -6.8094
v  2.2678 56.5627 -6.9796
v  2.6010 58.1056 -8.0049
v  -0.0000 56.5627 -7.3387
v  -0.0000 58.1056 -8.4169
v  -2.2678 56.5627 -6.9796
v  -2.6010 58.1056 -8.0049
v  -4.3136 56.5627 -5.9372
v  -4.9473 58.1056 -6.8094
v  -5.9372 56.5627 -4.3136
v  -6.8094 58.1056 -4.9473
v  -6.9796 56.5627 -2.2678
v  -8.0049 58.1056 -2.6010
v  -5.2877 55.6741 1.7181
v  -5.5599 55.6741 -0.0000
v  -4.4980 55.6741 3.2680
v  -3.2680 55.6741 4.4980
v  -1.7181 55.6741 5.2877
v  0.0000 55.6741 5.5599
v  1.7181 55.6741 5.2877
v  3.2680 55.6741 4.4980
v  4.4980 55.6741 3.2680
v  5.2877 55.6741 1.7181
v  5.5599 55.6741 -0.0000
v  5.2877 55.6741 -1.7181
v  4.4980 55.6741 -3.2680
v  3.2680 55.6741 -4.4980
v  1.7181 55.6741 -5.2877
v  -0.0000 55.6741 -5.5599
v  -1.7181 55.6741 -5.2877
v  -3.2680 55.6741 -4.4980
v  -4.4980 55.6741 -3.2680
v  -5.2877 55.6741 -1.7181
v  -8.8511 0.1753 -0.0000
v  -8.4179 0.1753 2.7351
v  -7.1607 0.1753 5.2026
v  -5.2026 0.1753 7.1607
v  -2.7352 0.1753 8.4179
v  -0.0000 0.1753 8.8511
v  2.7351 0.1753 8.4179
v  5.2026 0.1753 7.1607
v  7.1607 0.1753 5.2026
v  8.4179 0.1753 2.7352
v  8.8511 0.1753 0.0000
v  8.4179 0.1753 -2.7351
v  7.1607 0.1753 -5.2026
v  5.2026 0.1753 -7.1607
v  2.7352 0.1753 -8.4179
v  0.0000 0.1753 -8.8511
v  -2.7351 0.1753 -8.4179
v  -5.2026 0.1753 -7.1607
v  -7.1607 0.1753 -5.2026
v  -8.4179 0.1753 -2.7351
# 821 vertices

# 843 vertex normals

g Line001
usemtl wire_255255255
s 1
s 2
s 1
s 2
s 1
s 2
s 1
s 2
s 1
s 2
s 1
s 2
s 1
s 2
s 1
s 2
s 1
s 2
s 1
s 2
s 1
s 2
s 1
s 2
s 1
s 2
s 1
s 2
s 1
s 2
s 1
s 2
s 1
s 2
s 1
s 2
s 1
s 2
s 1
s 2
s 1
s o# 800 polygons - 20 triangles

#
# object Plane001
#

v  81.6000 0.0000 55.3813
v  85.0000 0.0000 55.3813
v  85.0000 0.0000 50.9413
v  81.6000 0.0000 50.9413
v  85.0000 0.0000 46.5013
v  81.6000 0.0000 46.5013
v  85.0000 0.0000 42.0613
v  81.6000 0.0000 42.0613
v  85.0000 0.0000 37.6213
v  81.6000 0.0000 37.6213
v  85.0000 0.0000 33.1813
v  81.6000 0.0000 33.1813
v  85.0000 0.0000 28.7413
v  81.6000 0.0000 28.7413
v  85.0000 0.0000 24.3013
v  81.6000 0.0000 24.3013
v  85.0000 0.0000 19.8613
v  81.6000 0.0000 19.8613
v  85.0000 0.0000 15.4213
v  81.6000 0.0000 15.4213
v  85.0000 0.0000 10.9813
v  81.6000 0.0000 10.9813
v  85.0000 0.0000 6.5413
v  81.6000 0.0000 6.5413
v  85.0000 0.0000 2.1013
v  81.6000 0.0000 2.1013
v  85.0000 0.0000 -2.3387
v  81.6000 0.0000 -2.3387
v  85.0000 0.0000 -6.7787
v  81.6000 0.0000 -6.7787
v  85.0000 0.0000 -11.2187
v  81.6000 0.0000 -11.2187
v  85.0000 0.0000 -15.6587
v  81.6000 0.0000 -15.6587
v  85.0000 0.0000 -20.0987
v  81.6000 0.0000 -20.0987
v  85.0000 0.0000 -24.5387
v  81.6000 0.0000 -24.5387
v  85.0000 0.0000 -28.9787
v  81.6000 0.0000 -28.9787
v  85.0000 0.0000 -33.4187
v  81.6000 0.0000 -33.4187
v  85.0000 0.0000 -37.8587
v  81.6000 0.0000 -37.8587
v  85.0000 0.0000 -42.2987
v  81.6000 0.0000 -42.2987
v  85.0000 0.0000 -46.7387
v  81.6000 0.0000 -46.7387
v  85.0000 0.0000 -51.1787
v  81.6000 0.0000 -51.1787
v  85.0000 0.0000 -55.6187
v  81.6000 0.0000 -55.6187
v  85.0000 1.4866 -59.7074
v  81.6000 1.4866 -59.7074
v  85.0000 5.2520 -61.8866
v  81.6000 5.2520 -61.8866
v  85.0000 9.6862 -61.9849
v  81.6000 9.6862 -61.9849
v  85.0000 14.1262 -61.9849
v  81.6000 14.1262 -61.9849
v  85.0000 18.5662 -61.9849
v  81.6000 18.5662 -61.9849
v  85.0000 23.0062 -61.9849
v  81.6000 23.0062 -61.9849
v  85.0000 27.4462 -61.9849
v  81.6000 27.4462 -61.9849
v  85.0000 31.8862 -61.9849
v  81.6000 31.8862 -61.9849
v  85.0000 36.3262 -61.9849
v  81.6000 36.3262 -61.9849
v  85.0000 40.7662 -61.9849
v  81.6000 40.7662 -61.9849
v  85.0000 45.2062 -61.9849
v  81.6000 45.2062 -61.9849
v  85.0000 49.6462 -61.9849
v  81.6000 49.6462 -61.9849
v  85.0000 54.0862 -61.9849
v  81.6000 54.0862 -61.9849
v  85.0000 58.5262 -61.9849
v  81.6000 58.5262 -61.9849
v  85.0000 62.9662 -61.9849
v  81.6000 62.9662 -61.9849
v  85.0000 67.4062 -61.9849
v  81.6000 67.4062 -61.9849
v  85.0000 71.8462 -61.9849
v  81.6000 71.8462 -61.9849
v  85.0000 76.2862 -61.9849
v  81.6000 76.2862 -61.9849
v  85.0000 80.7262 -61.9849
v  81.6000 80.7262 -61.9849
v  85.0000 85.1662 -61.9849
v  81.6000 85.1662 -61.9849
v  85.0000 89.6062 -61.9849
v  81.6000 89.6062 -61.9849
v  85.0000 94.0462 -61.9849
v  81.6000 94.0462 -61.9849
v  85.0000 98.4862 -61.9849
v  81.6000 98.4862 -61.9849
v  85.0000 102.9262 -61.9849
v  81.6000 102.9262 -61.9849
v  85.0000 107.3662 -61.9849
v  81.6000 107.3662 -61.9849
v  78.2000 0.0000 55.3813
v  78.2000 0.0000 50.9413
v  78.2000 0.0000 46.5013
v  78.2000 0.0000 42.0613
v  78.2000 0.0000 37.6213
v  78.2000 0.0000 33.1813
v  78.2000 0.0000 28.7413
v  78.2000 0.0000 24.3013
v  78.2000 0.0000 19.8613
v  78.2000 0.0000 15.4213
v  78.2000 0.0000 10.9813
v  78.2000 0.0000 6.5413
v  78.2000 0.0000 2.1013
v  78.2000 0.0000 -2.3387
v  78.2000 0.0000 -6.7787
v  78.2000 0.0000 -11.2187
v  78.2000 0.0000 -15.6587
v  78.2000 0.0000 -20.0987
v  78.2000 0.0000 -24.5387
v  78.2000 0.0000 -28.9787
v  78.2000 0.0000 -33.4187
v  78.2000 0.0000 -37.8587
v  78.2000 0.0000 -42.2987
v  78.2000 0.0000 -46.7387
v  78.2000 0.0000 -51.1787
v  78.2000 0.0000 -55.6187
v  78.2000 1.4866 -59.7074
v  78.2000 5.2520 -61.8866
v  78.2000 9.6862 -61.9849
v  78.2000 14.1262 -61.9849
v  78.2000 18.5662 -61.9849
v  78.2000 23.0062 -61.9849
v  78.2000 27.4462 -61.9849
v  78.2000 31.8862 -61.9849
v  78.2000 36.3262 -61.9849
v  78.2000 40.7662 -61.9849
v  78.2000 45.2062 -61.9849
v  78.2000 49.6462 -61.9849
v  78.2000 54.0862 -61.9849
v  78.2000 58.5262 -61.9849
v  78.2000 62.9662 -61.9849
v  78.2000 67.4062 -61.9849
v  78.2000 71.8462 -61.9849
v  78.2000 76.2862 -61.9849
v  78.2000 80.7262 -61.9849
v  78.2000 85.1662 -61.9849
v  78.2000 89.6062 -61.9849
v  78.2000 94.0462 -61.9849
v  78.2000 98.4862 -61.9849
v  78.2000 102.9262 -61.9849
v  78.2000 107.3662 -61.9849
v  74.8000 0.0000 55.3813
v  74.8000 0.0000 50.9413
v  74.8000 0.0000 46.5013
v  74.8000 0.0000 42.0613
v  74.8000 0.0000 37.6213
v  74.8000 0.0000 33.1813
v  74.8000 0.0000 28.7413
v  74.8000 0.0000 24.3013
v  74.8000 0.0000 19.8613
v  74.8000 0.0000 15.4213
v  74.8000 0.0000 10.9813
v  74.8000 0.0000 6.5413
v  74.8000 0.0000 2.1013
v  74.8000 0.0000 -2.3387
v  74.8000 0.0000 -6.7787
v  74.8000 0.0000 -11.2187
v  74.8000 0.0000 -15.6587
v  74.8000 0.0000 -20.0987
v  74.8000 0.0000 -24.5387
v  74.8000 0.0000 -28.9787
v  74.8000 0.0000 -33.4187
v  74.8000 0.0000 -37.8587
v  74.8000 0.0000 -42.2987
v  74.8000 0.0000 -46.7387
v  74.8000 0.0000 -51.1787
v  74.8000 0.0000 -55.6187
v  74.8000 1.4866 -59.7074
v  74.8000 5.2520 -61.8866
v  74.8000 9.6862 -61.9849
v  74.8000 14.1262 -61.9849
v  74.8000 18.5662 -61.9849
v  74.8000 23.0062 -61.9849
v  74.8000 27.4462 -61.9849
v  74.8000 31.8862 -61.9849
v  74.8000 36.3262 -61.9849
v  74.8000 40.7662 -61.9849
v  74.8000 45.2062 -61.9849
v  74.8000 49.6462 -61.9849
v  74.8000 54.0862 -61.9849
v  74.8000 58.5262 -61.9849
v  74.8000 62.9662 -61.9849
v  74.8000 67.4062 -61.9849
v  74.8000 71.8462 -61.9849
v  74.8000 76.2862 -61.9849
v  74.8000 80.7262 -61.9849
v  74.8000 85.1662 -61.9849
v  74.8000 89.6062 -61.9849
v  74.8000 94.0462 -61.9849
v  74.8000 98.4862 -61.9849
v  74.8000 102.9262 -61.9849
v  74.8000 107.3662 -61.9849
v  71.4000 0.0000 55.3813
v  71.4000 0.0000 50.9413
v  71.4000 0.0000 46.5013
v  71.4000 0.0000 42.0613
v  71.4000 0.0000 37.6213
v  71.4000 0.0000 33.1813
v  71.4000 0.0000 28.7413
v  71.4000 0.0000 24.3013
v  71.4000 0.0000 19.8613
v  71.4000 0.0000 15.4213
v  71.4000 0.0000 10.9813
v  71.4000 0.0000 6.5413
v  71.4000 0.0000 2.1013
v  71.4000 0.0000 -2.3387
v  71.4000 0.0000 -6.7787
v  71.4000 0.0000 -11.2187
v  71.4000 0.0000 -15.6587
v  71.4000 0.0000 -20.0987
v  71.4000 0.0000 -24.5387
v  71.4000 0.0000 -28.9787
v  71.4000 0.0000 -33.4187
v  71.4000 0.0000 -37.8587
v  71.4000 0.0000 -42.2987
v  71.4000 0.0000 -46.7387
v  71.4000 0.0000 -51.1787
v  71.4000 0.0000 -55.6187
v  71.4000 1.4866 -59.7074
v  71.4000 5.2520 -61.8866
v  71.4000 9.6862 -61.9849
v  71.4000 14.1262 -61.9849
v  71.4000 18.5662 -61.9849
v  71.4000 23.0062 -61.9849
v  71.4000 27.4462 -61.9849
v  71.4000 31.8862 -61.9849
v  71.4000 36.3262 -61.9849
v  71.4000 40.7662 -61.9849
v  71.4000 45.2062 -61.9849
v  71.4000 49.6462 -61.9849
v  71.4000 54.0862 -61.9849
v  71.4000 58.5262 -61.9849
v  71.4000 62.9662 -61.9849
v  71.4000 67.4062 -61.9849
v  71.4000 71.8462 -61.9849
v  71.4000 76.2862 -61.9849
v  71.4000 80.7262 -61.9849
v  71.4000 85.1662 -61.9849
v  71.4000 89.6062 -61.9849
v  71.4000 94.0462 -61.9849
v  71.4000 98.4862 -61.9849
v  71.4000 102.9262 -61.9849
v  71.4000 107.3662 -61.9849
v  68.0000 0.0000 55.3813
v  68.0000 0.0000 50.9413
v  68.0000 0.0000 46.5013
v  68.0000 0.0000 42.0613
v  68.0000 0.0000 37.6213
v  68.0000 0.0000 33.1813
v  68.0000 0.0000 28.7413
v  68.0000 0.0000 24.3013
v  68.0000 0.0000 19.8613
v  68.0000 0.0000 15.4213
v  68.0000 0.0000 10.9813
v  68.0000 0.0000 6.5413
v  68.0000 0.0000 2.1013
v  68.0000 0.0000 -2.3387
v  68.0000 0.0000 -6.7787
v  68.0000 0.0000 -11.2187
v  68.0000 0.0000 -15.6587
v  68.0000 0.0000 -20.0987
v  68.0000 0.0000 -24.5387
v  68.0000 0.0000 -28.9787
v  68.0000 0.0000 -33.4187
v  68.0000 0.0000 -37.8587
v  68.0000 0.0000 -42.2987
v  68.0000 0.0000 -46.7387
v  68.0000 0.0000 -51.1787
v  68.0000 0.0000 -55.6187
v  68.0000 1.4866 -59.7074
v  68.0000 5.2520 -61.8866
v  68.0000 9.6862 -61.9849
v  68.0000 14.1262 -61.9849
v  68.0000 18.5662 -61.9849
v  68.0000 23.0062 -61.9849
v  68.0000 27.4462 -61.9849
v  68.0000 31.8862 -61.9849
v  68.0000 36.3262 -61.9849
v  68.0000 40.7662 -61.9849
v  68.0000 45.2062 -61.9849
v  68.0000 49.6462 -61.9849
v  68.0000 54.0862 -61.9849
v  68.0000 58.5262 -61.9849
v  68.0000 62.9662 -61.9849
v  68.0000 67.4062 -61.9849
v  68.0000 71.8462 -61.9849
v  68.0000 76.2862 -61.9849
v  68.0000 80.7262 -61.9849
v  68.0000 85.1662 -61.9849
v  68.0000 89.6062 -61.9849
v  68.0000 94.0462 -61.9849
v  68.0000 98.4862 -61.9849
v  68.0000 102.9262 -61.9849
v  68.0000 107.3662 -61.9849
v  64.6000 0.0000 55.3813
v  64.6000 0.0000 50.9413
v  64.6000 0.0000 46.5013
v  64.6000 0.0000 42.0613
v  64.6000 0.0000 37.6213
v  64.6000 0.0000 33.1813
v  64.6000 0.0000 28.7413
v  64.6000 0.0000 24.3013
v  64.6000 0.0000 19.8613
v  64.6000 0.0000 15.4213
v  64.6000 0.0000 10.9813
v  64.6000 0.0000 6.5413
v  64.6000 0.0000 2.1013
v  64.6000 0.0000 -2.3387
v  64.6000 0.0000 -6.7787
v  64.6000 0.0000 -11.2187
v  64.6000 0.0000 -15.6587
v  64.6000 0.0000 -20.0987
v  64.6000 0.0000 -24.5387
v  64.6000 0.0000 -28.9787
v  64.6000 0.0000 -33.4187
v  64.6000 0.0000 -37.8587
v  64.6000 0.0000 -42.2987
v  64.6000 0.0000 -46.7387
v  64.6000 0.0000 -51.1787
v  64.6000 0.0000 -55.6187
v  64.6000 1.4866 -59.7074
v  64.6000 5.2520 -61.8866
v  64.6000 9.6862 -61.9849
v  64.6000 14.1262 -61.9849
v  64.6000 18.5662 -61.9849
v  64.6000 23.0062 -61.9849
v  64.6000 27.4462 -61.9849
v  64.6000 31.8862 -61.9849
v  64.6000 36.3262 -61.9849
v  64.6000 40.7662 -61.9849
v  64.6000 45.2062 -61.9849
v  64.6000 49.6462 -61.9849
v  64.6000 54.0862 -61.9849
v  64.6000 58.5262 -61.9849
v  64.6000 62.9662 -61.9849
v  64.6000 67.4062 -61.9849
v  64.6000 71.8462 -61.9849
v  64.6000 76.2862 -61.9849
v  64.6000 80.7262 -61.9849
v  64.6000 85.1662 -61.9849
v  64.6000 89.6062 -61.9849
v  64.6000 94.0462 -61.9849
v  64.6000 98.4862 -61.9849
v  64.6000 102.9262 -61.9849
v  64.6000 107.3662 -61.9849
v  61.2000 0.0000 55.3813
v  61.2000 0.0000 50.9413
v  61.2000 0.0000 46.5013
v  61.2000 0.0000 42.0613
v  61.2000 0.0000 37.6213
v  61.2000 0.0000 33.1813
v  61.2000 0.0000 28.7413
v  61.2000 0.0000 24.3013
v  61.2000 0.0000 19.8613
v  61.2000 0.0000 15.4213
v  61.2000 0.0000 10.9813
v  61.2000 0.0000 6.5413
v  61.2000 0.0000 2.1013
v  61.2000 0.0000 -2.3387
v  61.2000 0.0000 -6.7787
v  61.2000 0.0000 -11.2187
v  61.2000 0.0000 -15.6587
v  61.2000 0.0000 -20.0987
v  61.2000 0.0000 -24.5387
v  61.2000 0.0000 -28.9787
v  61.2000 0.0000 -33.4187
v  61.2000 0.0000 -37.8587
v  61.2000 0.0000 -42.2987
v  61.2000 0.0000 -46.7387
v  61.2000 0.0000 -51.1787
v  61.2000 0.0000 -55.6187
v  61.2000 1.4866 -59.7074
v  61.2000 5.2520 -61.8866
v  61.2000 9.6862 -61.9849
v  61.2000 14.1262 -61.9849
v  61.2000 18.5662 -61.9849
v  61.2000 23.0062 -61.9849
v  61.2000 27.4462 -61.9849
v  61.2000 31.8862 -61.9849
v  61.2000 36.3262 -61.9849
v  61.2000 40.7662 -61.9849
v  61.2000 45.2062 -61.9849
v  61.2000 49.6462 -61.9849
v  61.2000 54.0862 -61.9849
v  61.2000 58.5262 -61.9849
v  61.2000 62.9662 -61.9849
v  61.2000 67.4062 -61.9849
v  61.2000 71.8462 -61.9849
v  61.2000 76.2862 -61.9849
v  61.2000 80.7262 -61.9849
v  61.2000 85.1662 -61.9849
v  61.2000 89.6062 -61.9849
v  61.2000 94.0462 -61.9849
v  61.2000 98.4862 -61.9849
v  61.2000 102.9262 -61.9849
v  61.2000 107.3662 -61.9849
v  57.8000 0.0000 55.3813
v  57.8000 0.0000 50.9413
v  57.8000 0.0000 46.5013
v  57.8000 0.0000 42.0613
v  57.8000 0.0000 37.6213
v  57.8000 0.0000 33.1813
v  57.8000 0.0000 28.7413
v  57.8000 0.0000 24.3013
v  57.8000 0.0000 19.8613
v  57.8000 0.0000 15.4213
v  57.8000 0.0000 10.9813
v  57.8000 0.0000 6.5413
v  57.8000 0.0000 2.1013
v  57.8000 0.0000 -2.3387
v  57.8000 0.0000 -6.7787
v  57.8000 0.0000 -11.2187
v  57.8000 0.0000 -15.6587
v  57.8000 0.0000 -20.0987
v  57.8000 0.0000 -24.5387
v  57.8000 0.0000 -28.9787
v  57.8000 0.0000 -33.4187
v  57.8000 0.0000 -37.8587
v  57.8000 0.0000 -42.2987
v  57.8000 0.0000 -46.7387
v  57.8000 0.0000 -51.1787
v  57.8000 0.0000 -55.6187
v  57.8000 1.4866 -59.7074
v  57.8000 5.2520 -61.8866
v  57.8000 9.6862 -61.9849
v  57.8000 14.1262 -61.9849
v  57.8000 18.5662 -61.9849
v  57.8000 23.0062 -61.9849
v  57.8000 27.4462 -61.9849
v  57.8000 31.8862 -61.9849
v  57.8000 36.3262 -61.9849
v  57.8000 40.7662 -61.9849
v  57.8000 45.2062 -61.9849
v  57.8000 49.6462 -61.9849
v  57.8000 54.0862 -61.9849
v  57.8000 58.5262 -61.9849
v  57.8000 62.9662 -61.9849
v  57.8000 67.4062 -61.9849
v  57.8000 71.8462 -61.9849
v  57.8000 76.2862 -61.9849
v  57.8000 80.7262 -61.9849
v  57.8000 85.1662 -61.9849
v  57.8000 89.6062 -61.9849
v  57.8000 94.0462 -61.9849
v  57.8000 98.4862 -61.9849
v  57.8000 102.9262 -61.9849
v  57.8000 107.3662 -61.9849
v  54.4000 0.0000 55.3813
v  54.4000 0.0000 50.9413
v  54.4000 0.0000 46.5013
v  54.4000 0.0000 42.0613
v  54.4000 0.0000 37.6213
v  54.4000 0.0000 33.1813
v  54.4000 0.0000 28.7413
v  54.4000 0.0000 24.3013
v  54.4000 0.0000 19.8613
v  54.4000 0.0000 15.4213
v  54.4000 0.0000 10.9813
v  54.4000 0.0000 6.5413
v  54.4000 0.0000 2.1013
v  54.4000 0.0000 -2.3387
v  54.4000 0.0000 -6.7787
v  54.4000 0.0000 -11.2187
v  54.4000 0.0000 -15.6587
v  54.4000 0.0000 -20.0987
v  54.4000 0.0000 -24.5387
v  54.4000 0.0000 -28.9787
v  54.4000 0.0000 -33.4187
v  54.4000 0.0000 -37.8587
v  54.4000 0.0000 -42.2987
v  54.4000 0.0000 -46.7387
v  54.4000 0.0000 -51.1787
v  54.4000 0.0000 -55.6187
v  54.4000 1.4866 -59.7074
v  54.4000 5.2520 -61.8866
v  54.4000 9.6862 -61.9849
v  54.4000 14.1262 -61.9849
v  54.4000 18.5662 -61.9849
v  54.4000 23.0062 -61.9849
v  54.4000 27.4462 -61.9849
v  54.4000 31.8862 -61.9849
v  54.4000 36.3262 -61.9849
v  54.4000 40.7662 -61.9849
v  54.4000 45.2062 -61.9849
v  54.4000 49.6462 -61.9849
v  54.4000 54.0862 -61.9849
v  54.4000 58.5262 -61.9849
v  54.4000 62.9662 -61.9849
v  54.4000 67.4062 -61.9849
v  54.4000 71.8462 -61.9849
v  54.4000 76.2862 -61.9849
v  54.4000 80.7262 -61.9849
v  54.4000 85.1662 -61.9849
v  54.4000 89.6062 -61.9849
v  54.4000 94.0462 -61.9849
v  54.4000 98.4862 -61.9849
v  54.4000 102.9262 -61.9849
v  54.4000 107.3662 -61.9849
v  51.0000 0.0000 55.3813
v  51.0000 0.0000 50.9413
v  51.0000 0.0000 46.5013
v  51.0000 0.0000 42.0613
v  51.0000 0.0000 37.6213
v  51.0000 0.0000 33.1813
v  51.0000 0.0000 28.7413
v  51.0000 0.0000 24.3013
v  51.0000 0.0000 19.8613
v  51.0000 0.0000 15.4213
v  51.0000 0.0000 10.9813
v  51.0000 0.0000 6.5413
v  51.0000 0.0000 2.1013
v  51.0000 0.0000 -2.3387
v  51.0000 0.0000 -6.7787
v  51.0000 0.0000 -11.2187
v  51.0000 0.0000 -15.6587
v  51.0000 0.0000 -20.0987
v  51.0000 0.0000 -24.5387
v  51.0000 0.0000 -28.9787
v  51.0000 0.0000 -33.4187
v  51.0000 0.0000 -37.8587
v  51.0000 0.0000 -42.2987
v  51.0000 0.0000 -46.7387
v  51.0000 0.0000 -51.1787
v  51.0000 0.0000 -55.6187
v  51.0000 1.4866 -59.7074
v  51.0000 5.2520 -61.8866
v  51.0000 9.6862 -61.9849
v  51.0000 14.1262 -61.9849
v  51.0000 18.5662 -61.9849
v  51.0000 23.0062 -61.9849
v  51.0000 27.4462 -61.9849
v  51.0000 31.8862 -61.9849
v  51.0000 36.3262 -61.9849
v  51.0000 40.7662 -61.9849
v  51.0000 45.2062 -61.9849
v  51.0000 49.6462 -61.9849
v  51.0000 54.0862 -61.9849
v  51.0000 58.5262 -61.9849
v  51.0000 62.9662 -61.9849
v  51.0000 67.4062 -61.9849
v  51.0000 71.8462 -61.9849
v  51.0000 76.2862 -61.9849
v  51.0000 80.7262 -61.9849
v  51.0000 85.1662 -61.9849
v  51.0000 89.6062 -61.9849
v  51.0000 94.0462 -61.9849
v  51.0000 98.4862 -61.9849
v  51.0000 102.9262 -61.9849
v  51.0000 107.3662 -61.9849
v  47.6000 0.0000 55.3813
v  47.6000 0.0000 50.9413
v  47.6000 0.0000 46.5013
v  47.6000 0.0000 42.0613
v  47.6000 0.0000 37.6213
v  47.6000 0.0000 33.1813
v  47.6000 0.0000 28.7413
v  47.6000 0.0000 24.3013
v  47.6000 0.0000 19.8613
v  47.6000 0.0000 15.4213
v  47.6000 0.0000 10.9813
v  47.6000 0.0000 6.5413
v  47.6000 0.0000 2.1013
v  47.6000 0.0000 -2.3387
v  47.6000 0.0000 -6.7787
v  47.6000 0.0000 -11.2187
v  47.6000 0.0000 -15.6587
v  47.6000 0.0000 -20.0987
v  47.6000 0.0000 -24.5387
v  47.6000 0.0000 -28.9787
v  47.6000 0.0000 -33.4187
v  47.6000 0.0000 -37.8587
v  47.6000 0.0000 -42.2987
v  47.6000 0.0000 -46.7387
v  47.6000 0.0000 -51.1787
v  47.6000 0.0000 -55.6187
v  47.6000 1.4866 -59.7074
v  47.6000 5.2520 -61.8866
v  47.6000 9.6862 -61.9849
v  47.6000 14.1262 -61.9849
v  47.6000 18.5662 -61.9849
v  47.6000 23.0062 -61.9849
v  47.6000 27.4462 -61.9849
v  47.6000 31.8862 -61.9849
v  47.6000 36.3262 -61.9849
v  47.6000 40.7662 -61.9849
v  47.6000 45.2062 -61.9849
v  47.6000 49.6462 -61.9849
v  47.6000 54.0862 -61.9849
v  47.6000 58.5262 -61.9849
v  47.6000 62.9662 -61.9849
v  47.6000 67.4062 -61.9849
v  47.6000 71.8462 -61.9849
v  47.6000 76.2862 -61.9849
v  47.6000 80.7262 -61.9849
v  47.6000 85.1662 -61.9849
v  47.6000 89.6062 -61.9849
v  47.6000 94.0462 -61.9849
v  47.6000 98.4862 -61.9849
v  47.6000 102.9262 -61.9849
v  47.6000 107.3662 -61.9849
v  44.2000 0.0000 55.3813
v  44.2000 0.0000 50.9413
v  44.2000 0.0000 46.5013
v  44.2000 0.0000 42.0613
v  44.2000 0.0000 37.6213
v  44.2000 0.0000 33.1813
v  44.2000 0.0000 28.7413
v  44.2000 0.0000 24.3013
v  44.2000 0.0000 19.8613
v  44.2000 0.0000 15.4213
v  44.2000 0.0000 10.9813
v  44.2000 0.0000 6.5413
v  44.2000 0.0000 2.1013
v  44.2000 0.0000 -2.3387
v  44.2000 0.0000 -6.7787
v  44.2000 0.0000 -11.2187
v  44.2000 0.0000 -15.6587
v  44.2000 0.0000 -20.0987
v  44.2000 0.0000 -24.5387
v  44.2000 0.0000 -28.9787
v  44.2000 0.0000 -33.4187
v  44.2000 0.0000 -37.8587
v  44.2000 0.0000 -42.2987
v  44.2000 0.0000 -46.7387
v  44.2000 0.0000 -51.1787
v  44.2000 0.0000 -55.6187
v  44.2000 1.4866 -59.7074
v  44.2000 5.2520 -61.8866
v  44.2000 9.6862 -61.9849
v  44.2000 14.1262 -61.9849
v  44.2000 18.5662 -61.9849
v  44.2000 23.0062 -61.9849
v  44.2000 27.4462 -61.9849
v  44.2000 31.8862 -61.9849
v  44.2000 36.3262 -61.9849
v  44.2000 40.7662 -61.9849
v  44.2000 45.2062 -61.9849
v  44.2000 49.6462 -61.9849
v  44.2000 54.0862 -61.9849
v  44.2000 58.5262 -61.9849
v  44.2000 62.9662 -61.9849
v  44.2000 67.4062 -61.9849
v  44.2000 71.8462 -61.9849
v  44.2000 76.2862 -61.9849
v  44.2000 80.7262 -61.9849
v  44.2000 85.1662 -61.9849
v  44.2000 89.6062 -61.9849
v  44.2000 94.0462 -61.9849
v  44.2000 98.4862 -61.9849
v  44.2000 102.9262 -61.9849
v  44.2000 107.3662 -61.9849
v  40.8000 0.0000 55.3813
v  40.8000 0.0000 50.9413
v  40.8000 0.0000 46.5013
v  40.8000 0.0000 42.0613
v  40.8000 0.0000 37.6213
v  40.8000 0.0000 33.1813
v  40.8000 0.0000 28.7413
v  40.8000 0.0000 24.3013
v  40.8000 0.0000 19.8613
v  40.8000 0.0000 15.4213
v  40.8000 0.0000 10.9813
v  40.8000 0.0000 6.5413
v  40.8000 0.0000 2.1013
v  40.8000 0.0000 -2.3387
v  40.8000 0.0000 -6.7787
v  40.8000 0.0000 -11.2187
v  40.8000 0.0000 -15.6587
v  40.8000 0.0000 -20.0987
v  40.8000 0.0000 -24.5387
v  40.8000 0.0000 -28.9787
v  40.8000 0.0000 -33.4187
v  40.8000 0.0000 -37.8587
v  40.8000 0.0000 -42.2987
v  40.8000 0.0000 -46.7387
v  40.8000 0.0000 -51.1787
v  40.8000 0.0000 -55.6187
v  40.8000 1.4866 -59.7074
v  40.8000 5.2520 -61.8866
v  40.8000 9.6862 -61.9849
v  40.8000 14.1262 -61.9849
v  40.8000 18.5662 -61.9849
v  40.8000 23.0062 -61.9849
v  40.8000 27.4462 -61.9849
v  40.8000 31.8862 -61.9849
v  40.8000 36.3262 -61.9849
v  40.8000 40.7662 -61.9849
v  40.8000 45.2062 -61.9849
v  40.8000 49.6462 -61.9849
v  40.8000 54.0862 -61.9849
v  40.8000 58.5262 -61.9849
v  40.8000 62.9662 -61.9849
v  40.8000 67.4062 -61.9849
v  40.8000 71.8462 -61.9849
v  40.8000 76.2862 -61.9849
v  40.8000 80.7262 -61.9849
v  40.8000 85.1662 -61.9849
v  40.8000 89.6062 -61.9849
v  40.8000 94.0462 -61.9849
v  40.8000 98.4862 -61.9849
v  40.8000 102.9262 -61.9849
v  40.8000 107.3662 -61.9849
v  37.4000 0.0000 55.3813
v  37.4000 0.0000 50.9413
v  37.4000 0.0000 46.5013
v  37.4000 0.0000 42.0613
v  37.4000 0.0000 37.6213
v  37.4000 0.0000 33.1813
v  37.4000 0.0000 28.7413
v  37.4000 0.0000 24.3013
v  37.4000 0.0000 19.8613
v  37.4000 0.0000 15.4213
v  37.4000 0.0000 10.9813
v  37.4000 0.0000 6.5413
v  37.4000 0.0000 2.1013
v  37.4000 0.0000 -2.3387
v  37.4000 0.0000 -6.7787
v  37.4000 0.0000 -11.2187
v  37.4000 0.0000 -15.6587
v  37.4000 0.0000 -20.0987
v  37.4000 0.0000 -24.5387
v  37.4000 0.0000 -28.9787
v  37.4000 0.0000 -33.4187
v  37.4000 0.0000 -37.8587
v  37.4000 0.0000 -42.2987
v  37.4000 0.0000 -46.7387
v  37.4000 0.0000 -51.1787
v  37.4000 0.0000 -55.6187
v  37.4000 1.4866 -59.7074
v  37.4000 5.2520 -61.8866
v  37.4000 9.6862 -61.9849
v  37.4000 14.1262 -61.9849
v  37.4000 18.5662 -61.9849
v  37.4000 23.0062 -61.9849
v  37.4000 27.4462 -61.9849
v  37.4000 31.8862 -61.9849
v  37.4000 36.3262 -61.9849
v  37.4000 40.7662 -61.9849
v  37.4000 45.2062 -61.9849
v  37.4000 49.6462 -61.9849
v  37.4000 54.0862 -61.9849
v  37.4000 58.5262 -61.9849
v  37.4000 62.9662 -61.9849
v  37.4000 67.4062 -61.9849
v  37.4000 71.8462 -61.9849
v  37.4000 76.2862 -61.9849
v  37.4000 80.7262 -61.9849
v  37.4000 85.1662 -61.9849
v  37.4000 89.6062 -61.9849
v  37.4000 94.0462 -61.9849
v  37.4000 98.4862 -61.9849
v  37.4000 102.9262 -61.9849
v  37.4000 107.3662 -61.9849
v  34.0000 0.0000 55.3813
v  34.0000 0.0000 50.9413
v  34.0000 0.0000 46.5013
v  34.0000 0.0000 42.0613
v  34.0000 0.0000 37.6213
v  34.0000 0.0000 33.1813
v  34.0000 0.0000 28.7413
v  34.0000 0.0000 24.3013
v  34.0000 0.0000 19.8613
v  34.0000 0.0000 15.4213
v  34.0000 0.0000 10.9813
v  34.0000 0.0000 6.5413
v  34.0000 0.0000 2.1013
v  34.0000 0.0000 -2.3387
v  34.0000 0.0000 -6.7787
v  34.0000 0.0000 -11.2187
v  34.0000 0.0000 -15.6587
v  34.0000 0.0000 -20.0987
v  34.0000 0.0000 -24.5387
v  34.0000 0.0000 -28.9787
v  34.0000 0.0000 -33.4187
v  34.0000 0.0000 -37.8587
v  34.0000 0.0000 -42.2987
v  34.0000 0.0000 -46.7387
v  34.0000 0.0000 -51.1787
v  34.0000 0.0000 -55.6187
v  34.0000 1.4866 -59.7074
v  34.0000 5.2520 -61.8866
v  34.0000 9.6862 -61.9849
v  34.0000 14.1262 -61.9849
v  34.0000 18.5662 -61.9849
v  34.0000 23.0062 -61.9849
v  34.0000 27.4462 -61.9849
v  34.0000 31.8862 -61.9849
v  34.0000 36.3262 -61.9849
v  34.0000 40.7662 -61.9849
v  34.0000 45.2062 -61.9849
v  34.0000 49.6462 -61.9849
v  34.0000 54.0862 -61.9849
v  34.0000 58.5262 -61.9849
v  34.0000 62.9662 -61.9849
v  34.0000 67.4062 -61.9849
v  34.0000 71.8462 -61.9849
v  34.0000 76.2862 -61.9849
v  34.0000 80.7262 -61.9849
v  34.0000 85.1662 -61.9849
v  34.0000 89.6062 -61.9849
v  34.0000 94.0462 -61.9849
v  34.0000 98.4862 -61.9849
v  34.0000 102.9262 -61.9849
v  34.0000 107.3662 -61.9849
v  30.6000 0.0000 55.3813
v  30.6000 0.0000 50.9413
v  30.6000 0.0000 46.5013
v  30.6000 0.0000 42.0613
v  30.6000 0.0000 37.6213
v  30.6000 0.0000 33.1813
v  30.6000 0.0000 28.7413
v  30.6000 0.0000 24.3013
v  30.6000 0.0000 19.8613
v  30.6000 0.0000 15.4213
v  30.6000 0.0000 10.9813
v  30.6000 0.0000 6.5413
v  30.6000 0.0000 2.1013
v  30.6000 0.0000 -2.3387
v  30.6000 0.0000 -6.7787
v  30.6000 0.0000 -11.2187
v  30.6000 0.0000 -15.6587
v  30.6000 0.0000 -20.0987
v  30.6000 0.0000 -24.5387
v  30.6000 0.0000 -28.9787
v  30.6000 0.0000 -33.4187
v  30.6000 0.0000 -37.8587
v  30.6000 0.0000 -42.2987
v  30.6000 0.0000 -46.7387
v  30.6000 0.0000 -51.1787
v  30.6000 0.0000 -55.6187
v  30.6000 1.4866 -59.7074
v  30.6000 5.2520 -61.8866
v  30.6000 9.6862 -61.9849
v  30.6000 14.1262 -61.9849
v  30.6000 18.5662 -61.9849
v  30.6000 23.0062 -61.9849
v  30.6000 27.4462 -61.9849
v  30.6000 31.8862 -61.9849
v  30.6000 36.3262 -61.9849
v  30.6000 40.7662 -61.9849
v  30.6000 45.2062 -61.9849
v  30.6000 49.6462 -61.9849
v  30.6000 54.0862 -61.9849
v  30.6000 58.5262 -61.9849
v  30.6000 62.9662 -61.9849
v  30.6000 67.4062 -61.9849
v  30.6000 71.8462 -61.9849
v  30.6000 76.2862 -61.9849
v  30.6000 80.7262 -61.9849
v  30.6000 85.1662 -61.9849
v  30.6000 89.6062 -61.9849
v  30.6000 94.0462 -61.9849
v  30.6000 98.4862 -61.9849
v  30.6000 102.9262 -61.9849
v  30.6000 107.3662 -61.9849
v  27.2000 0.0000 55.3813
v  27.2000 0.0000 50.9413
v  27.2000 0.0000 46.5013
v  27.2000 0.0000 42.0613
v  27.2000 0.0000 37.6213
v  27.2000 0.0000 33.1813
v  27.2000 0.0000 28.7413
v  27.2000 0.0000 24.3013
v  27.2000 0.0000 19.8613
v  27.2000 0.0000 15.4213
v  27.2000 0.0000 10.9813
v  27.2000 0.0000 6.5413
v  27.2000 0.0000 2.1013
v  27.2000 0.0000 -2.3387
v  27.2000 0.0000 -6.7787
v  27.2000 0.0000 -11.2187
v  27.2000 0.0000 -15.6587
v  27.2000 0.0000 -20.0987
v  27.2000 0.0000 -24.5387
v  27.2000 0.0000 -28.9787
v  27.2000 0.0000 -33.4187
v  27.2000 0.0000 -37.8587
v  27.2000 0.0000 -42.2987
v  27.2000 0.0000 -46.7387
v  27.2000 0.0000 -51.1787
v  27.2000 0.0000 -55.6187
v  27.2000 1.4866 -59.7074
v  27.2000 5.2520 -61.8866
v  27.2000 9.6862 -61.9849
v  27.2000 14.1262 -61.9849
v  27.2000 18.5662 -61.9849
v  27.2000 23.0062 -61.9849
v  27.2000 27.4462 -61.9849
v  27.2000 31.8862 -61.9849
v  27.2000 36.3262 -61.9849
v  27.2000 40.7662 -61.9849
v  27.2000 45.2062 -61.9849
v  27.2000 49.6462 -61.9849
v  27.2000 54.0862 -61.9849
v  27.2000 58.5262 -61.9849
v  27.2000 62.9662 -61.9849
v  27.2000 67.4062 -61.9849
v  27.2000 71.8462 -61.9849
v  27.2000 76.2862 -61.9849
v  27.2000 80.7262 -61.9849
v  27.2000 85.1662 -61.9849
v  27.2000 89.6062 -61.9849
v  27.2000 94.0462 -61.9849
v  27.2000 98.4862 -61.9849
v  27.2000 102.9262 -61.9849
v  27.2000 107.3662 -61.9849
v  23.8000 0.0000 55.3813
v  23.8000 0.0000 50.9413
v  23.8000 0.0000 46.5013
v  23.8000 0.0000 42.0613
v  23.8000 0.0000 37.6213
v  23.8000 0.0000 33.1813
v  23.8000 0.0000 28.7413
v  23.8000 0.0000 24.3013
v  23.8000 0.0000 19.8613
v  23.8000 0.0000 15.4213
v  23.8000 0.0000 10.9813
v  23.8000 0.0000 6.5413
v  23.8000 0.0000 2.1013
v  23.8000 0.0000 -2.3387
v  23.8000 0.0000 -6.7787
v  23.8000 0.0000 -11.2187
v  23.8000 0.0000 -15.6587
v  23.8000 0.0000 -20.0987
v  23.8000 0.0000 -24.5387
v  23.8000 0.0000 -28.9787
v  23.8000 0.0000 -33.4187
v  23.8000 0.0000 -37.8587
v  23.8000 0.0000 -42.2987
v  23.8000 0.0000 -46.7387
v  23.8000 0.0000 -51.1787
v  23.8000 0.0000 -55.6187
v  23.8000 1.4866 -59.7074
v  23.8000 5.2520 -61.8866
v  23.8000 9.6862 -61.9849
v  23.8000 14.1262 -61.9849
v  23.8000 18.5662 -61.9849
v  23.8000 23.0062 -61.9849
v  23.8000 27.4462 -61.9849
v  23.8000 31.8862 -61.9849
v  23.8000 36.3262 -61.9849
v  23.8000 40.7662 -61.9849
v  23.8000 45.2062 -61.9849
v  23.8000 49.6462 -61.9849
v  23.8000 54.0862 -61.9849
v  23.8000 58.5262 -61.9849
v  23.8000 62.9662 -61.9849
v  23.8000 67.4062 -61.9849
v  23.8000 71.8462 -61.9849
v  23.8000 76.2862 -61.9849
v  23.8000 80.7262 -61.9849
v  23.8000 85.1662 -61.9849
v  23.8000 89.6062 -61.9849
v  23.8000 94.0462 -61.9849
v  23.8000 98.4862 -61.9849
v  23.8000 102.9262 -61.9849
v  23.8000 107.3662 -61.9849
v  20.4000 0.0000 55.3813
v  20.4000 0.0000 50.9413
v  20.4000 0.0000 46.5013
v  20.4000 0.0000 42.0613
v  20.4000 0.0000 37.6213
v  20.4000 0.0000 33.1813
v  20.4000 0.0000 28.7413
v  20.4000 0.0000 24.3013
v  20.4000 0.0000 19.8613
v  20.4000 0.0000 15.4213
v  20.4000 0.0000 10.9813
v  20.4000 0.0000 6.5413
v  20.4000 0.0000 2.1013
v  20.4000 0.0000 -2.3387
v  20.4000 0.0000 -6.7787
v  20.4000 0.0000 -11.2187
v  20.4000 0.0000 -15.6587
v  20.4000 0.0000 -20.0987
v  20.4000 0.0000 -24.5387
v  20.4000 0.0000 -28.9787
v  20.4000 0.0000 -33.4187
v  20.4000 0.0000 -37.8587
v  20.4000 0.0000 -42.2987
v  20.4000 0.0000 -46.7387
v  20.4000 0.0000 -51.1787
v  20.4000 0.0000 -55.6187
v  20.4000 1.4866 -59.7074
v  20.4000 5.2520 -61.8866
v  20.4000 9.6862 -61.9849
v  20.4000 14.1262 -61.9849
v  20.4000 18.5662 -61.9849
v  20.4000 23.0062 -61.9849
v  20.4000 27.4462 -61.9849
v  20.4000 31.8862 -61.9849
v  20.4000 36.3262 -61.9849
v  20.4000 40.7662 -61.9849
v  20.4000 45.2062 -61.9849
v  20.4000 49.6462 -61.9849
v  20.4000 54.0862 -61.9849
v  20.4000 58.5262 -61.9849
v  20.4000 62.9662 -61.9849
v  20.4000 67.4062 -61.9849
v  20.4000 71.8462 -61.9849
v  20.4000 76.2862 -61.9849
v  20.4000 80.7262 -61.9849
v  20.4000 85.1662 -61.9849
v  20.4000 89.6062 -61.9849
v  20.4000 94.0462 -61.9849
v  20.4000 98.4862 -61.9849
v  20.4000 102.9262 -61.9849
v  20.4000 107.3662 -61.9849
v  17.0000 0.0000 55.3813
v  17.0000 0.0000 50.9413
v  17.0000 0.0000 46.5013
v  17.0000 0.0000 42.0613
v  17.0000 0.0000 37.6213
v  17.0000 0.0000 33.1813
v  17.0000 0.0000 28.7413
v  17.0000 0.0000 24.3013
v  17.0000 0.0000 19.8613
v  17.0000 0.0000 15.4213
v  17.0000 0.0000 10.9813
v  17.0000 0.0000 6.5413
v  17.0000 0.0000 2.1013
v  17.0000 0.0000 -2.3387
v  17.0000 0.0000 -6.7787
v  17.0000 0.0000 -11.2187
v  17.0000 0.0000 -15.6587
v  17.0000 0.0000 -20.0987
v  17.0000 0.0000 -24.5387
v  17.0000 0.0000 -28.9787
v  17.0000 0.0000 -33.4187
v  17.0000 0.0000 -37.8587
v  17.0000 0.0000 -42.2987
v  17.0000 0.0000 -46.7387
v  17.0000 0.0000 -51.1787
v  17.0000 0.0000 -55.6187
v  17.0000 1.4866 -59.7074
v  17.0000 5.2520 -61.8866
v  17.0000 9.6862 -61.9849
v  17.0000 14.1262 -61.9849
v  17.0000 18.5662 -61.9849
v  17.0000 23.0062 -61.9849
v  17.0000 27.4462 -61.9849
v  17.0000 31.8862 -61.9849
v  17.0000 36.3262 -61.9849
v  17.0000 40.7662 -61.9849
v  17.0000 45.2062 -61.9849
v  17.0000 49.6462 -61.9849
v  17.0000 54.0862 -61.9849
v  17.0000 58.5262 -61.9849
v  17.0000 62.9662 -61.9849
v  17.0000 67.4062 -61.9849
v  17.0000 71.8462 -61.9849
v  17.0000 76.2862 -61.9849
v  17.0000 80.7262 -61.9849
v  17.0000 85.1662 -61.9849
v  17.0000 89.6062 -61.9849
v  17.0000 94.0462 -61.9849
v  17.0000 98.4862 -61.9849
v  17.0000 102.9262 -61.9849
v  17.0000 107.3662 -61.9849
v  13.6000 0.0000 55.3813
v  13.6000 0.0000 50.9413
v  13.6000 0.0000 46.5013
v  13.6000 0.0000 42.0613
v  13.6000 0.0000 37.6213
v  13.6000 0.0000 33.1813
v  13.6000 0.0000 28.7413
v  13.6000 0.0000 24.3013
v  13.6000 0.0000 19.8613
v  13.6000 0.0000 15.4213
v  13.6000 0.0000 10.9813
v  13.6000 0.0000 6.5413
v  13.6000 0.0000 2.1013
v  13.6000 0.0000 -2.3387
v  13.6000 0.0000 -6.7787
v  13.6000 0.0000 -11.2187
v  13.6000 0.0000 -15.6587
v  13.6000 0.0000 -20.0987
v  13.6000 0.0000 -24.5387
v  13.6000 0.0000 -28.9787
v  13.6000 0.0000 -33.4187
v  13.6000 0.0000 -37.8587
v  13.6000 0.0000 -42.2987
v  13.6000 0.0000 -46.7387
v  13.6000 0.0000 -51.1787
v  13.6000 0.0000 -55.6187
v  13.6000 1.4866 -59.7074
v  13.6000 5.2520 -61.8866
v  13.6000 9.6862 -61.9849
v  13.6000 14.1262 -61.9849
v  13.6000 18.5662 -61.9849
v  13.6000 23.0062 -61.9849
v  13.6000 27.4462 -61.9849
v  13.6000 31.8862 -61.9849
v  13.6000 36.3262 -61.9849
v  13.6000 40.7662 -61.9849
v  13.6000 45.2062 -61.9849
v  13.6000 49.6462 -61.9849
v  13.6000 54.0862 -61.9849
v  13.6000 58.5262 -61.9849
v  13.6000 62.9662 -61.9849
v  13.6000 67.4062 -61.9849
v  13.6000 71.8462 -61.9849
v  13.6000 76.2862 -61.9849
v  13.6000 80.7262 -61.9849
v  13.6000 85.1662 -61.9849
v  13.6000 89.6062 -61.9849
v  13.6000 94.0462 -61.9849
v  13.6000 98.4862 -61.9849
v  13.6000 102.9262 -61.9849
v  13.6000 107.3662 -61.9849
v  10.2000 0.0000 55.3813
v  10.2000 0.0000 50.9413
v  10.2000 0.0000 46.5013
v  10.2000 0.0000 42.0613
v  10.2000 0.0000 37.6213
v  10.2000 0.0000 33.1813
v  10.2000 0.0000 28.7413
v  10.2000 0.0000 24.3013
v  10.2000 0.0000 19.8613
v  10.2000 0.0000 15.4213
v  10.2000 0.0000 10.9813
v  10.2000 0.0000 6.5413
v  10.2000 0.0000 2.1013
v  10.2000 0.0000 -2.3387
v  10.2000 0.0000 -6.7787
v  10.2000 0.0000 -11.2187
v  10.2000 0.0000 -15.6587
v  10.2000 0.0000 -20.0987
v  10.2000 0.0000 -24.5387
v  10.2000 0.0000 -28.9787
v  10.2000 0.0000 -33.4187
v  10.2000 0.0000 -37.8587
v  10.2000 0.0000 -42.2987
v  10.2000 0.0000 -46.7387
v  10.2000 0.0000 -51.1787
v  10.2000 0.0000 -55.6187
v  10.2000 1.4866 -59.7074
v  10.2000 5.2520 -61.8866
v  10.2000 9.6862 -61.9849
v  10.2000 14.1262 -61.9849
v  10.2000 18.5662 -61.9849
v  10.2000 23.0062 -61.9849
v  10.2000 27.4462 -61.9849
v  10.2000 31.8862 -61.9849
v  10.2000 36.3262 -61.9849
v  10.2000 40.7662 -61.9849
v  10.2000 45.2062 -61.9849
v  10.2000 49.6462 -61.9849
v  10.2000 54.0862 -61.9849
v  10.2000 58.5262 -61.9849
v  10.2000 62.9662 -61.9849
v  10.2000 67.4062 -61.9849
v  10.2000 71.8462 -61.9849
v  10.2000 76.2862 -61.9849
v  10.2000 80.7262 -61.9849
v  10.2000 85.1662 -61.9849
v  10.2000 89.6062 -61.9849
v  10.2000 94.0462 -61.9849
v  10.2000 98.4862 -61.9849
v  10.2000 102.9262 -61.9849
v  10.2000 107.3662 -61.9849
v  6.8000 0.0000 55.3813
v  6.8000 0.0000 50.9413
v  6.8000 0.0000 46.5013
v  6.8000 0.0000 42.0613
v  6.8000 0.0000 37.6213
v  6.8000 0.0000 33.1813
v  6.8000 0.0000 28.7413
v  6.8000 0.0000 24.3013
v  6.8000 0.0000 19.8613
v  6.8000 0.0000 15.4213
v  6.8000 0.0000 10.9813
v  6.8000 0.0000 6.5413
v  6.8000 0.0000 2.1013
v  6.8000 0.0000 -2.3387
v  6.8000 0.0000 -6.7787
v  6.8000 0.0000 -11.2187
v  6.8000 0.0000 -15.6587
v  6.8000 0.0000 -20.0987
v  6.8000 0.0000 -24.5387
v  6.8000 0.0000 -28.9787
v  6.8000 0.0000 -33.4187
v  6.8000 0.0000 -37.8587
v  6.8000 0.0000 -42.2987
v  6.8000 0.0000 -46.7387
v  6.8000 0.0000 -51.1787
v  6.8000 0.0000 -55.6187
v  6.8000 1.4866 -59.7074
v  6.8000 5.2520 -61.8866
v  6.8000 9.6862 -61.9849
v  6.8000 14.1262 -61.9849
v  6.8000 18.5662 -61.9849
v  6.8000 23.0062 -61.9849
v  6.8000 27.4462 -61.9849
v  6.8000 31.8862 -61.9849
v  6.8000 36.3262 -61.9849
v  6.8000 40.7662 -61.9849
v  6.8000 45.2062 -61.9849
v  6.8000 49.6462 -61.9849
v  6.8000 54.0862 -61.9849
v  6.8000 58.5262 -61.9849
v  6.8000 62.9662 -61.9849
v  6.8000 67.4062 -61.9849
v  6.8000 71.8462 -61.9849
v  6.8000 76.2862 -61.9849
v  6.8000 80.7262 -61.9849
v  6.8000 85.1662 -61.9849
v  6.8000 89.6062 -61.9849
v  6.8000 94.0462 -61.9849
v  6.8000 98.4862 -61.9849
v  6.8000 102.9262 -61.9849
v  6.8000 107.3662 -61.9849
v  3.4000 0.0000 55.3813
v  3.4000 0.0000 50.9413
v  3.4000 0.0000 46.5013
v  3.4000 0.0000 42.0613
v  3.4000 0.0000 37.6213
v  3.4000 0.0000 33.1813
v  3.4000 0.0000 28.7413
v  3.4000 0.0000 24.3013
v  3.4000 0.0000 19.8613
v  3.4000 0.0000 15.4213
v  3.4000 0.0000 10.9813
v  3.4000 0.0000 6.5413
v  3.4000 0.0000 2.1013
v  3.4000 0.0000 -2.3387
v  3.4000 0.0000 -6.7787
v  3.4000 0.0000 -11.2187
v  3.4000 0.0000 -15.6587
v  3.4000 0.0000 -20.0987
v  3.4000 0.0000 -24.5387
v  3.4000 0.0000 -28.9787
v  3.4000 0.0000 -33.4187
v  3.4000 0.0000 -37.8587
v  3.4000 0.0000 -42.2987
v  3.4000 0.0000 -46.7387
v  3.4000 0.0000 -51.1787
v  3.4000 0.0000 -55.6187
v  3.4000 1.4866 -59.7074
v  3.4000 5.2520 -61.8866
v  3.4000 9.6862 -61.9849
v  3.4000 14.1262 -61.9849
v  3.4000 18.5662 -61.9849
v  3.4000 23.0062 -61.9849
v  3.4000 27.4462 -61.9849
v  3.4000 31.8862 -61.9849
v  3.4000 36.3262 -61.9849
v  3.4000 40.7662 -61.9849
v  3.4000 45.2062 -61.9849
v  3.4000 49.6462 -61.9849
v  3.4000 54.0862 -61.9849
v  3.4000 58.5262 -61.9849
v  3.4000 62.9662 -61.9849
v  3.4000 67.4062 -61.9849
v  3.4000 71.8462 -61.9849
v  3.4000 76.2862 -61.9849
v  3.4000 80.7262 -61.9849
v  3.4000 85.1662 -61.9849
v  3.4000 89.6062 -61.9849
v  3.4000 94.0462 -61.9849
v  3.4000 98.4862 -61.9849
v  3.4000 102.9262 -61.9849
v  3.4000 107.3662 -61.9849
v  -0.0000 0.0000 55.3813
v  -0.0000 0.0000 50.9413
v  -0.0000 0.0000 46.5013
v  -0.0000 0.0000 42.0613
v  -0.0000 0.0000 37.6213
v  -0.0000 0.0000 33.1813
v  -0.0000 0.0000 28.7413
v  -0.0000 0.0000 24.3013
v  -0.0000 0.0000 19.8613
v  -0.0000 0.0000 15.4213
v  -0.0000 0.0000 10.9813
v  -0.0000 0.0000 6.5413
v  -0.0000 0.0000 2.1013
v  -0.0000 0.0000 -2.3387
v  -0.0000 0.0000 -6.7787
v  -0.0000 0.0000 -11.2187
v  -0.0000 0.0000 -15.6587
v  -0.0000 0.0000 -20.0987
v  -0.0000 0.0000 -24.5387
v  -0.0000 0.0000 -28.9787
v  -0.0000 0.0000 -33.4187
v  -0.0000 0.0000 -37.8587
v  -0.0000 0.0000 -42.2987
v  -0.0000 0.0000 -46.7387
v  -0.0000 0.0000 -51.1787
v  -0.0000 0.0000 -55.6187
v  -0.0000 1.4866 -59.7074
v  -0.0000 5.2520 -61.8866
v  -0.0000 9.6862 -61.9849
v  -0.0000 14.1262 -61.9849
v  -0.0000 18.5662 -61.9849
v  -0.0000 23.0062 -61.9849
v  -0.0000 27.4462 -61.9849
v  -0.0000 31.8862 -61.9849
v  -0.0000 36.3262 -61.9849
v  -0.0000 40.7662 -61.9849
v  -0.0000 45.2062 -61.9849
v  -0.0000 49.6462 -61.9849
v  -0.0000 54.0862 -61.9849
v  -0.0000 58.5262 -61.9849
v  -0.0000 62.9662 -61.9849
v  -0.0000 67.4062 -61.9849
v  -0.0000 71.8462 -61.9849
v  -0.0000 76.2862 -61.9849
v  -0.0000 80.7262 -61.9849
v  -0.0000 85.1662 -61.9849
v  -0.0000 89.6062 -61.9849
v  -0.0000 94.0462 -61.9849
v  -0.0000 98.4862 -61.9849
v  -0.0000 102.9262 -61.9849
v  -0.0000 107.3662 -61.9849
v  -3.4000 0.0000 55.3813
v  -3.4000 0.0000 50.9413
v  -3.4000 0.0000 46.5013
v  -3.4000 0.0000 42.0613
v  -3.4000 0.0000 37.6213
v  -3.4000 0.0000 33.1813
v  -3.4000 0.0000 28.7413
v  -3.4000 0.0000 24.3013
v  -3.4000 0.0000 19.8613
v  -3.4000 0.0000 15.4213
v  -3.4000 0.0000 10.9813
v  -3.4000 0.0000 6.5413
v  -3.4000 0.0000 2.1013
v  -3.4000 0.0000 -2.3387
v  -3.4000 0.0000 -6.7787
v  -3.4000 0.0000 -11.2187
v  -3.4000 0.0000 -15.6587
v  -3.4000 0.0000 -20.0987
v  -3.4000 0.0000 -24.5387
v  -3.4000 0.0000 -28.9787
v  -3.4000 0.0000 -33.4187
v  -3.4000 0.0000 -37.8587
v  -3.4000 0.0000 -42.2987
v  -3.4000 0.0000 -46.7387
v  -3.4000 0.0000 -51.1787
v  -3.4000 0.0000 -55.6187
v  -3.4000 1.4866 -59.7074
v  -3.4000 5.2520 -61.8866
v  -3.4000 9.6862 -61.9849
v  -3.4000 14.1262 -61.9849
v  -3.4000 18.5662 -61.9849
v  -3.4000 23.0062 -61.9849
v  -3.4000 27.4462 -61.9849
v  -3.4000 31.8862 -61.9849
v  -3.4000 36.3262 -61.9849
v  -3.4000 40.7662 -61.9849
v  -3.4000 45.2062 -61.9849
v  -3.4000 49.6462 -61.9849
v  -3.4000 54.0862 -61.9849
v  -3.4000 58.5262 -61.9849
v  -3.4000 62.9662 -61.9849
v  -3.4000 67.4062 -61.9849
v  -3.4000 71.8462 -61.9849
v  -3.4000 76.2862 -61.9849
v  -3.4000 80.7262 -61.9849
v  -3.4000 85.1662 -61.9849
v  -3.4000 89.6062 -61.9849
v  -3.4000 94.0462 -61.9849
v  -3.4000 98.4862 -61.9849
v  -3.4000 102.9262 -61.9849
v  -3.4000 107.3662 -61.9849
v  -6.8000 0.0000 55.3813
v  -6.8000 0.0000 50.9413
v  -6.8000 0.0000 46.5013
v  -6.8000 0.0000 42.0613
v  -6.8000 0.0000 37.6213
v  -6.8000 0.0000 33.1813
v  -6.8000 0.0000 28.7413
v  -6.8000 0.0000 24.3013
v  -6.8000 0.0000 19.8613
v  -6.8000 0.0000 15.4213
v  -6.8000 0.0000 10.9813
v  -6.8000 0.0000 6.5413
v  -6.8000 0.0000 2.1013
v  -6.8000 0.0000 -2.3387
v  -6.8000 0.0000 -6.7787
v  -6.8000 0.0000 -11.2187
v  -6.8000 0.0000 -15.6587
v  -6.8000 0.0000 -20.0987
v  -6.8000 0.0000 -24.5387
v  -6.8000 0.0000 -28.9787
v  -6.8000 0.0000 -33.4187
v  -6.8000 0.0000 -37.8587
v  -6.8000 0.0000 -42.2987
v  -6.8000 0.0000 -46.7387
v  -6.8000 0.0000 -51.1787
v  -6.8000 0.0000 -55.6187
v  -6.8000 1.4866 -59.7074
v  -6.8000 5.2520 -61.8866
v  -6.8000 9.6862 -61.9849
v  -6.8000 14.1262 -61.9849
v  -6.8000 18.5662 -61.9849
v  -6.8000 23.0062 -61.9849
v  -6.8000 27.4462 -61.9849
v  -6.8000 31.8862 -61.9849
v  -6.8000 36.3262 -61.9849
v  -6.8000 40.7662 -61.9849
v  -6.8000 45.2062 -61.9849
v  -6.8000 49.6462 -61.9849
v  -6.8000 54.0862 -61.9849
v  -6.8000 58.5262 -61.9849
v  -6.8000 62.9662 -61.9849
v  -6.8000 67.4062 -61.9849
v  -6.8000 71.8462 -61.9849
v  -6.8000 76.2862 -61.9849
v  -6.8000 80.7262 -61.9849
v  -6.8000 85.1662 -61.9849
v  -6.8000 89.6062 -61.9849
v  -6.8000 94.0462 -61.9849
v  -6.8000 98.4862 -61.9849
v  -6.8000 102.9262 -61.9849
v  -6.8000 107.3662 -61.9849
v  -10.2000 0.0000 55.3813
v  -10.2000 0.0000 50.9413
v  -10.2000 0.0000 46.5013
v  -10.2000 0.0000 42.0613
v  -10.2000 0.0000 37.6213
v  -10.2000 0.0000 33.1813
v  -10.2000 0.0000 28.7413
v  -10.2000 0.0000 24.3013
v  -10.2000 0.0000 19.8613
v  -10.2000 0.0000 15.4213
v  -10.2000 0.0000 10.9813
v  -10.2000 0.0000 6.5413
v  -10.2000 0.0000 2.1013
v  -10.2000 0.0000 -2.3387
v  -10.2000 0.0000 -6.7787
v  -10.2000 0.0000 -11.2187
v  -10.2000 0.0000 -15.6587
v  -10.2000 0.0000 -20.0987
v  -10.2000 0.0000 -24.5387
v  -10.2000 0.0000 -28.9787
v  -10.2000 0.0000 -33.4187
v  -10.2000 0.0000 -37.8587
v  -10.2000 0.0000 -42.2987
v  -10.2000 0.0000 -46.7387
v  -10.2000 0.0000 -51.1787
v  -10.2000 0.0000 -55.6187
v  -10.2000 1.4866 -59.7074
v  -10.2000 5.2520 -61.8866
v  -10.2000 9.6862 -61.9849
v  -10.2000 14.1262 -61.9849
v  -10.2000 18.5662 -61.9849
v  -10.2000 23.0062 -61.9849
v  -10.2000 27.4462 -61.9849
v  -10.2000 31.8862 -61.9849
v  -10.2000 36.3262 -61.9849
v  -10.2000 40.7662 -61.9849
v  -10.2000 45.2062 -61.9849
v  -10.2000 49.6462 -61.9849
v  -10.2000 54.0862 -61.9849
v  -10.2000 58.5262 -61.9849
v  -10.2000 62.9662 -61.9849
v  -10.2000 67.4062 -61.9849
v  -10.2000 71.8462 -61.9849
v  -10.2000 76.2862 -61.9849
v  -10.2000 80.7262 -61.9849
v  -10.2000 85.1662 -61.9849
v  -10.2000 89.6062 -61.9849
v  -10.2000 94.0462 -61.9849
v  -10.2000 98.4862 -61.9849
v  -10.2000 102.9262 -61.9849
v  -10.2000 107.3662 -61.9849
v  -13.6000 0.0000 55.3813
v  -13.6000 0.0000 50.9413
v  -13.6000 0.0000 46.5013
v  -13.6000 0.0000 42.0613
v  -13.6000 0.0000 37.6213
v  -13.6000 0.0000 33.1813
v  -13.6000 0.0000 28.7413
v  -13.6000 0.0000 24.3013
v  -13.6000 0.0000 19.8613
v  -13.6000 0.0000 15.4213
v  -13.6000 0.0000 10.9813
v  -13.6000 0.0000 6.5413
v  -13.6000 0.0000 2.1013
v  -13.6000 0.0000 -2.3387
v  -13.6000 0.0000 -6.7787
v  -13.6000 0.0000 -11.2187
v  -13.6000 0.0000 -15.6587
v  -13.6000 0.0000 -20.0987
v  -13.6000 0.0000 -24.5387
v  -13.6000 0.0000 -28.9787
v  -13.6000 0.0000 -33.4187
v  -13.6000 0.0000 -37.8587
v  -13.6000 0.0000 -42.2987
v  -13.6000 0.0000 -46.7387
v  -13.6000 0.0000 -51.1787
v  -13.6000 0.0000 -55.6187
v  -13.6000 1.4866 -59.7074
v  -13.6000 5.2520 -61.8866
v  -13.6000 9.6862 -61.9849
v  -13.6000 14.1262 -61.9849
v  -13.6000 18.5662 -61.9849
v  -13.6000 23.0062 -61.9849
v  -13.6000 27.4462 -61.9849
v  -13.6000 31.8862 -61.9849
v  -13.6000 36.3262 -61.9849
v  -13.6000 40.7662 -61.9849
v  -13.6000 45.2062 -61.9849
v  -13.6000 49.6462 -61.9849
v  -13.6000 54.0862 -61.9849
v  -13.6000 58.5262 -61.9849
v  -13.6000 62.9662 -61.9849
v  -13.6000 67.4062 -61.9849
v  -13.6000 71.8462 -61.9849
v  -13.6000 76.2862 -61.9849
v  -13.6000 80.7262 -61.9849
v  -13.6000 85.1662 -61.9849
v  -13.6000 89.6062 -61.9849
v  -13.6000 94.0462 -61.9849
v  -13.6000 98.4862 -61.9849
v  -13.6000 102.9262 -61.9849
v  -13.6000 107.3662 -61.9849
v  -17.0000 0.0000 55.3813
v  -17.0000 0.0000 50.9413
v  -17.0000 0.0000 46.5013
v  -17.0000 0.0000 42.0613
v  -17.0000 0.0000 37.6213
v  -17.0000 0.0000 33.1813
v  -17.0000 0.0000 28.7413
v  -17.0000 0.0000 24.3013
v  -17.0000 0.0000 19.8613
v  -17.0000 0.0000 15.4213
v  -17.0000 0.0000 10.9813
v  -17.0000 0.0000 6.5413
v  -17.0000 0.0000 2.1013
v  -17.0000 0.0000 -2.3387
v  -17.0000 0.0000 -6.7787
v  -17.0000 0.0000 -11.2187
v  -17.0000 0.0000 -15.6587
v  -17.0000 0.0000 -20.0987
v  -17.0000 0.0000 -24.5387
v  -17.0000 0.0000 -28.9787
v  -17.0000 0.0000 -33.4187
v  -17.0000 0.0000 -37.8587
v  -17.0000 0.0000 -42.2987
v  -17.0000 0.0000 -46.7387
v  -17.0000 0.0000 -51.1787
v  -17.0000 0.0000 -55.6187
v  -17.0000 1.4866 -59.7074
v  -17.0000 5.2520 -61.8866
v  -17.0000 9.6862 -61.9849
v  -17.0000 14.1262 -61.9849
v  -17.0000 18.5662 -61.9849
v  -17.0000 23.0062 -61.9849
v  -17.0000 27.4462 -61.9849
v  -17.0000 31.8862 -61.9849
v  -17.0000 36.3262 -61.9849
v  -17.0000 40.7662 -61.9849
v  -17.0000 45.2062 -61.9849
v  -17.0000 49.6462 -61.9849
v  -17.0000 54.0862 -61.9849
v  -17.0000 58.5262 -61.9849
v  -17.0000 62.9662 -61.9849
v  -17.0000 67.4062 -61.9849
v  -17.0000 71.8462 -61.9849
v  -17.0000 76.2862 -61.9849
v  -17.0000 80.7262 -61.9849
v  -17.0000 85.1662 -61.9849
v  -17.0000 89.6062 -61.9849
v  -17.0000 94.0462 -61.9849
v  -17.0000 98.4862 -61.9849
v  -17.0000 102.9262 -61.9849
v  -17.0000 107.3662 -61.9849
v  -20.4000 0.0000 55.3813
v  -20.4000 0.0000 50.9413
v  -20.4000 0.0000 46.5013
v  -20.4000 0.0000 42.0613
v  -20.4000 0.0000 37.6213
v  -20.4000 0.0000 33.1813
v  -20.4000 0.0000 28.7413
v  -20.4000 0.0000 24.3013
v  -20.4000 0.0000 19.8613
v  -20.4000 0.0000 15.4213
v  -20.4000 0.0000 10.9813
v  -20.4000 0.0000 6.5413
v  -20.4000 0.0000 2.1013
v  -20.4000 0.0000 -2.3387
v  -20.4000 0.0000 -6.7787
v  -20.4000 0.0000 -11.2187
v  -20.4000 0.0000 -15.6587
v  -20.4000 0.0000 -20.0987
v  -20.4000 0.0000 -24.5387
v  -20.4000 0.0000 -28.9787
v  -20.4000 0.0000 -33.4187
v  -20.4000 0.0000 -37.8587
v  -20.4000 0.0000 -42.2987
v  -20.4000 0.0000 -46.7387
v  -20.4000 0.0000 -51.1787
v  -20.4000 0.0000 -55.6187
v  -20.4000 1.4866 -59.7074
v  -20.4000 5.2520 -61.8866
v  -20.4000 9.6862 -61.9849
v  -20.4000 14.1262 -61.9849
v  -20.4000 18.5662 -61.9849
v  -20.4000 23.0062 -61.9849
v  -20.4000 27.4462 -61.9849
v  -20.4000 31.8862 -61.9849
v  -20.4000 36.3262 -61.9849
v  -20.4000 40.7662 -61.9849
v  -20.4000 45.2062 -61.9849
v  -20.4000 49.6462 -61.9849
v  -20.4000 54.0862 -61.9849
v  -20.4000 58.5262 -61.9849
v  -20.4000 62.9662 -61.9849
v  -20.4000 67.4062 -61.9849
v  -20.4000 71.8462 -61.9849
v  -20.4000 76.2862 -61.9849
v  -20.4000 80.7262 -61.9849
v  -20.4000 85.1662 -61.9849
v  -20.4000 89.6062 -61.9849
v  -20.4000 94.0462 -61.9849
v  -20.4000 98.4862 -61.9849
v  -20.4000 102.9262 -61.9849
v  -20.4000 107.3662 -61.9849
v  -23.8000 0.0000 55.3813
v  -23.8000 0.0000 50.9413
v  -23.8000 0.0000 46.5013
v  -23.8000 0.0000 42.0613
v  -23.8000 0.0000 37.6213
v  -23.8000 0.0000 33.1813
v  -23.8000 0.0000 28.7413
v  -23.8000 0.0000 24.3013
v  -23.8000 0.0000 19.8613
v  -23.8000 0.0000 15.4213
v  -23.8000 0.0000 10.9813
v  -23.8000 0.0000 6.5413
v  -23.8000 0.0000 2.1013
v  -23.8000 0.0000 -2.3387
v  -23.8000 0.0000 -6.7787
v  -23.8000 0.0000 -11.2187
v  -23.8000 0.0000 -15.6587
v  -23.8000 0.0000 -20.0987
v  -23.8000 0.0000 -24.5387
v  -23.8000 0.0000 -28.9787
v  -23.8000 0.0000 -33.4187
v  -23.8000 0.0000 -37.8587
v  -23.8000 0.0000 -42.2987
v  -23.8000 0.0000 -46.7387
v  -23.8000 0.0000 -51.1787
v  -23.8000 0.0000 -55.6187
v  -23.8000 1.4866 -59.7074
v  -23.8000 5.2520 -61.8866
v  -23.8000 9.6862 -61.9849
v  -23.8000 14.1262 -61.9849
v  -23.8000 18.5662 -61.9849
v  -23.8000 23.0062 -61.9849
v  -23.8000 27.4462 -61.9849
v  -23.8000 31.8862 -61.9849
v  -23.8000 36.3262 -61.9849
v  -23.8000 40.7662 -61.9849
v  -23.8000 45.2062 -61.9849
v  -23.8000 49.6462 -61.9849
v  -23.8000 54.0862 -61.9849
v  -23.8000 58.5262 -61.9849
v  -23.8000 62.9662 -61.9849
v  -23.8000 67.4062 -61.9849
v  -23.8000 71.8462 -61.9849
v  -23.8000 76.2862 -61.9849
v  -23.8000 80.7262 -61.9849
v  -23.8000 85.1662 -61.9849
v  -23.8000 89.6062 -61.9849
v  -23.8000 94.0462 -61.9849
v  -23.8000 98.4862 -61.9849
v  -23.8000 102.9262 -61.9849
v  -23.8000 107.3662 -61.9849
v  -27.2000 0.0000 55.3813
v  -27.2000 0.0000 50.9413
v  -27.2000 0.0000 46.5013
v  -27.2000 0.0000 42.0613
v  -27.2000 0.0000 37.6213
v  -27.2000 0.0000 33.1813
v  -27.2000 0.0000 28.7413
v  -27.2000 0.0000 24.3013
v  -27.2000 0.0000 19.8613
v  -27.2000 0.0000 15.4213
v  -27.2000 0.0000 10.9813
v  -27.2000 0.0000 6.5413
v  -27.2000 0.0000 2.1013
v  -27.2000 0.0000 -2.3387
v  -27.2000 0.0000 -6.7787
v  -27.2000 0.0000 -11.2187
v  -27.2000 0.0000 -15.6587
v  -27.2000 0.0000 -20.0987
v  -27.2000 0.0000 -24.5387
v  -27.2000 0.0000 -28.9787
v  -27.2000 0.0000 -33.4187
v  -27.2000 0.0000 -37.8587
v  -27.2000 0.0000 -42.2987
v  -27.2000 0.0000 -46.7387
v  -27.2000 0.0000 -51.1787
v  -27.2000 0.0000 -55.6187
v  -27.2000 1.4866 -59.7074
v  -27.2000 5.2520 -61.8866
v  -27.2000 9.6862 -61.9849
v  -27.2000 14.1262 -61.9849
v  -27.2000 18.5662 -61.9849
v  -27.2000 23.0062 -61.9849
v  -27.2000 27.4462 -61.9849
v  -27.2000 31.8862 -61.9849
v  -27.2000 36.3262 -61.9849
v  -27.2000 40.7662 -61.9849
v  -27.2000 45.2062 -61.9849
v  -27.2000 49.6462 -61.9849
v  -27.2000 54.0862 -61.9849
v  -27.2000 58.5262 -61.9849
v  -27.2000 62.9662 -61.9849
v  -27.2000 67.4062 -61.9849
v  -27.2000 71.8462 -61.9849
v  -27.2000 76.2862 -61.9849
v  -27.2000 80.7262 -61.9849
v  -27.2000 85.1662 -61.9849
v  -27.2000 89.6062 -61.9849
v  -27.2000 94.0462 -61.9849
v  -27.2000 98.4862 -61.9849
v  -27.2000 102.9262 -61.9849
v  -27.2000 107.3662 -61.9849
v  -30.6000 0.0000 55.3813
v  -30.6000 0.0000 50.9413
v  -30.6000 0.0000 46.5013
v  -30.6000 0.0000 42.0613
v  -30.6000 0.0000 37.6213
v  -30.6000 0.0000 33.1813
v  -30.6000 0.0000 28.7413
v  -30.6000 0.0000 24.3013
v  -30.6000 0.0000 19.8613
v  -30.6000 0.0000 15.4213
v  -30.6000 0.0000 10.9813
v  -30.6000 0.0000 6.5413
v  -30.6000 0.0000 2.1013
v  -30.6000 0.0000 -2.3387
v  -30.6000 0.0000 -6.7787
v  -30.6000 0.0000 -11.2187
v  -30.6000 0.0000 -15.6587
v  -30.6000 0.0000 -20.0987
v  -30.6000 0.0000 -24.5387
v  -30.6000 0.0000 -28.9787
v  -30.6000 0.0000 -33.4187
v  -30.6000 0.0000 -37.8587
v  -30.6000 0.0000 -42.2987
v  -30.6000 0.0000 -46.7387
v  -30.6000 0.0000 -51.1787
v  -30.6000 0.0000 -55.6187
v  -30.6000 1.4866 -59.7074
v  -30.6000 5.2520 -61.8866
v  -30.6000 9.6862 -61.9849
v  -30.6000 14.1262 -61.9849
v  -30.6000 18.5662 -61.9849
v  -30.6000 23.0062 -61.9849
v  -30.6000 27.4462 -61.9849
v  -30.6000 31.8862 -61.9849
v  -30.6000 36.3262 -61.9849
v  -30.6000 40.7662 -61.9849
v  -30.6000 45.2062 -61.9849
v  -30.6000 49.6462 -61.9849
v  -30.6000 54.0862 -61.9849
v  -30.6000 58.5262 -61.9849
v  -30.6000 62.9662 -61.9849
v  -30.6000 67.4062 -61.9849
v  -30.6000 71.8462 -61.9849
v  -30.6000 76.2862 -61.9849
v  -30.6000 80.7262 -61.9849
v  -30.6000 85.1662 -61.9849
v  -30.6000 89.6062 -61.9849
v  -30.6000 94.0462 -61.9849
v  -30.6000 98.4862 -61.9849
v  -30.6000 102.9262 -61.9849
v  -30.6000 107.3662 -61.9849
v  -34.0000 0.0000 55.3813
v  -34.0000 0.0000 50.9413
v  -34.0000 0.0000 46.5013
v  -34.0000 0.0000 42.0613
v  -34.0000 0.0000 37.6213
v  -34.0000 0.0000 33.1813
v  -34.0000 0.0000 28.7413
v  -34.0000 0.0000 24.3013
v  -34.0000 0.0000 19.8613
v  -34.0000 0.0000 15.4213
v  -34.0000 0.0000 10.9813
v  -34.0000 0.0000 6.5413
v  -34.0000 0.0000 2.1013
v  -34.0000 0.0000 -2.3387
v  -34.0000 0.0000 -6.7787
v  -34.0000 0.0000 -11.2187
v  -34.0000 0.0000 -15.6587
v  -34.0000 0.0000 -20.0987
v  -34.0000 0.0000 -24.5387
v  -34.0000 0.0000 -28.9787
v  -34.0000 0.0000 -33.4187
v  -34.0000 0.0000 -37.8587
v  -34.0000 0.0000 -42.2987
v  -34.0000 0.0000 -46.7387
v  -34.0000 0.0000 -51.1787
v  -34.0000 0.0000 -55.6187
v  -34.0000 1.4866 -59.7074
v  -34.0000 5.2520 -61.8866
v  -34.0000 9.6862 -61.9849
v  -34.0000 14.1262 -61.9849
v  -34.0000 18.5662 -61.9849
v  -34.0000 23.0062 -61.9849
v  -34.0000 27.4462 -61.9849
v  -34.0000 31.8862 -61.9849
v  -34.0000 36.3262 -61.9849
v  -34.0000 40.7662 -61.9849
v  -34.0000 45.2062 -61.9849
v  -34.0000 49.6462 -61.9849
v  -34.0000 54.0862 -61.9849
v  -34.0000 58.5262 -61.9849
v  -34.0000 62.9662 -61.9849
v  -34.0000 67.4062 -61.9849
v  -34.0000 71.8462 -61.9849
v  -34.0000 76.2862 -61.9849
v  -34.0000 80.7262 -61.9849
v  -34.0000 85.1662 -61.9849
v  -34.0000 89.6062 -61.9849
v  -34.0000 94.0462 -61.9849
v  -34.0000 98.4862 -61.9849
v  -34.0000 102.9262 -61.9849
v  -34.0000 107.3662 -61.9849
v  -37.4000 0.0000 55.3813
v  -37.4000 0.0000 50.9413
v  -37.4000 0.0000 46.5013
v  -37.4000 0.0000 42.0613
v  -37.4000 0.0000 37.6213
v  -37.4000 0.0000 33.1813
v  -37.4000 0.0000 28.7413
v  -37.4000 0.0000 24.3013
v  -37.4000 0.0000 19.8613
v  -37.4000 0.0000 15.4213
v  -37.4000 0.0000 10.9813
v  -37.4000 0.0000 6.5413
v  -37.4000 0.0000 2.1013
v  -37.4000 0.0000 -2.3387
v  -37.4000 0.0000 -6.7787
v  -37.4000 0.0000 -11.2187
v  -37.4000 0.0000 -15.6587
v  -37.4000 0.0000 -20.0987
v  -37.4000 0.0000 -24.5387
v  -37.4000 0.0000 -28.9787
v  -37.4000 0.0000 -33.4187
v  -37.4000 0.0000 -37.8587
v  -37.4000 0.0000 -42.2987
v  -37.4000 0.0000 -46.7387
v  -37.4000 0.0000 -51.1787
v  -37.4000 0.0000 -55.6187
v  -37.4000 1.4866 -59.7074
v  -37.4000 5.2520 -61.8866
v  -37.4000 9.6862 -61.9849
v  -37.4000 14.1262 -61.9849
v  -37.4000 18.5662 -61.9849
v  -37.4000 23.0062 -61.9849
v  -37.4000 27.4462 -61.9849
v  -37.4000 31.8862 -61.9849
v  -37.4000 36.3262 -61.9849
v  -37.4000 40.7662 -61.9849
v  -37.4000 45.2062 -61.9849
v  -37.4000 49.6462 -61.9849
v  -37.4000 54.0862 -61.9849
v  -37.4000 58.5262 -61.9849
v  -37.4000 62.9662 -61.9849
v  -37.4000 67.4062 -61.9849
v  -37.4000 71.8462 -61.9849
v  -37.4000 76.2862 -61.9849
v  -37.4000 80.7262 -61.9849
v  -37.4000 85.1662 -61.9849
v  -37.4000 89.6062 -61.9849
v  -37.4000 94.0462 -61.9849
v  -37.4000 98.4862 -61.9849
v  -37.4000 102.9262 -61.9849
v  -37.4000 107.3662 -61.9849
v  -40.8000 0.0000 55.3813
v  -40.8000 0.0000 50.9413
v  -40.8000 0.0000 46.5013
v  -40.8000 0.0000 42.0613
v  -40.8000 0.0000 37.6213
v  -40.8000 0.0000 33.1813
v  -40.8000 0.0000 28.7413
v  -40.8000 0.0000 24.3013
v  -40.8000 0.0000 19.8613
v  -40.8000 0.0000 15.4213
v  -40.8000 0.0000 10.9813
v  -40.8000 0.0000 6.5413
v  -40.8000 0.0000 2.1013
v  -40.8000 0.0000 -2.3387
v  -40.8000 0.0000 -6.7787
v  -40.8000 0.0000 -11.2187
v  -40.8000 0.0000 -15.6587
v  -40.8000 0.0000 -20.0987
v  -40.8000 0.0000 -24.5387
v  -40.8000 0.0000 -28.9787
v  -40.8000 0.0000 -33.4187
v  -40.8000 0.0000 -37.8587
v  -40.8000 0.0000 -42.2987
v  -40.8000 0.0000 -46.7387
v  -40.8000 0.0000 -51.1787
v  -40.8000 0.0000 -55.6187
v  -40.8000 1.4866 -59.7074
v  -40.8000 5.2520 -61.8866
v  -40.8000 9.6862 -61.9849
v  -40.8000 14.1262 -61.9849
v  -40.8000 18.5662 -61.9849
v  -40.8000 23.0062 -61.9849
v  -40.8000 27.4462 -61.9849
v  -40.8000 31.8862 -61.9849
v  -40.8000 36.3262 -61.9849
v  -40.8000 40.7662 -61.9849
v  -40.8000 45.2062 -61.9849
v  -40.8000 49.6462 -61.9849
v  -40.8000 54.0862 -61.9849
v  -40.8000 58.5262 -61.9849
v  -40.8000 62.9662 -61.9849
v  -40.8000 67.4062 -61.9849
v  -40.8000 71.8462 -61.9849
v  -40.8000 76.2862 -61.9849
v  -40.8000 80.7262 -61.9849
v  -40.8000 85.1662 -61.9849
v  -40.8000 89.6062 -61.9849
v  -40.8000 94.0462 -61.9849
v  -40.8000 98.4862 -61.9849
v  -40.8000 102.9262 -61.9849
v  -40.8000 107.3662 -61.9849
v  -44.2000 0.0000 55.3813
v  -44.2000 0.0000 50.9413
v  -44.2000 0.0000 46.5013
v  -44.2000 0.0000 42.0613
v  -44.2000 0.0000 37.6213
v  -44.2000 0.0000 33.1813
v  -44.2000 0.0000 28.7413
v  -44.2000 0.0000 24.3013
v  -44.2000 0.0000 19.8613
v  -44.2000 0.0000 15.4213
v  -44.2000 0.0000 10.9813
v  -44.2000 0.0000 6.5413
v  -44.2000 0.0000 2.1013
v  -44.2000 0.0000 -2.3387
v  -44.2000 0.0000 -6.7787
v  -44.2000 0.0000 -11.2187
v  -44.2000 0.0000 -15.6587
v  -44.2000 0.0000 -20.0987
v  -44.2000 0.0000 -24.5387
v  -44.2000 0.0000 -28.9787
v  -44.2000 0.0000 -33.4187
v  -44.2000 0.0000 -37.8587
v  -44.2000 0.0000 -42.2987
v  -44.2000 0.0000 -46.7387
v  -44.2000 0.0000 -51.1787
v  -44.2000 0.0000 -55.6187
v  -44.2000 1.4866 -59.7074
v  -44.2000 5.2520 -61.8866
v  -44.2000 9.6862 -61.9849
v  -44.2000 14.1262 -61.9849
v  -44.2000 18.5662 -61.9849
v  -44.2000 23.0062 -61.9849
v  -44.2000 27.4462 -61.9849
v  -44.2000 31.8862 -61.9849
v  -44.2000 36.3262 -61.9849
v  -44.2000 40.7662 -61.9849
v  -44.2000 45.2062 -61.9849
v  -44.2000 49.6462 -61.9849
v  -44.2000 54.0862 -61.9849
v  -44.2000 58.5262 -61.9849
v  -44.2000 62.9662 -61.9849
v  -44.2000 67.4062 -61.9849
v  -44.2000 71.8462 -61.9849
v  -44.2000 76.2862 -61.9849
v  -44.2000 80.7262 -61.9849
v  -44.2000 85.1662 -61.9849
v  -44.2000 89.6062 -61.9849
v  -44.2000 94.0462 -61.9849
v  -44.2000 98.4862 -61.9849
v  -44.2000 102.9262 -61.9849
v  -44.2000 107.3662 -61.9849
v  -47.6000 0.0000 55.3813
v  -47.6000 0.0000 50.9413
v  -47.6000 0.0000 46.5013
v  -47.6000 0.0000 42.0613
v  -47.6000 0.0000 37.6213
v  -47.6000 0.0000 33.1813
v  -47.6000 0.0000 28.7413
v  -47.6000 0.0000 24.3013
v  -47.6000 0.0000 19.8613
v  -47.6000 0.0000 15.4213
v  -47.6000 0.0000 10.9813
v  -47.6000 0.0000 6.5413
v  -47.6000 0.0000 2.1013
v  -47.6000 0.0000 -2.3387
v  -47.6000 0.0000 -6.7787
v  -47.6000 0.0000 -11.2187
v  -47.6000 0.0000 -15.6587
v  -47.6000 0.0000 -20.0987
v  -47.6000 0.0000 -24.5387
v  -47.6000 0.0000 -28.9787
v  -47.6000 0.0000 -33.4187
v  -47.6000 0.0000 -37.8587
v  -47.6000 0.0000 -42.2987
v  -47.6000 0.0000 -46.7387
v  -47.6000 0.0000 -51.1787
v  -47.6000 0.0000 -55.6187
v  -47.6000 1.4866 -59.7074
v  -47.6000 5.2520 -61.8866
v  -47.6000 9.6862 -61.9849
v  -47.6000 14.1262 -61.9849
v  -47.6000 18.5662 -61.9849
v  -47.6000 23.0062 -61.9849
v  -47.6000 27.4462 -61.9849
v  -47.6000 31.8862 -61.9849
v  -47.6000 36.3262 -61.9849
v  -47.6000 40.7662 -61.9849
v  -47.6000 45.2062 -61.9849
v  -47.6000 49.6462 -61.9849
v  -47.6000 54.0862 -61.9849
v  -47.6000 58.5262 -61.9849
v  -47.6000 62.9662 -61.9849
v  -47.6000 67.4062 -61.9849
v  -47.6000 71.8462 -61.9849
v  -47.6000 76.2862 -61.9849
v  -47.6000 80.7262 -61.9849
v  -47.6000 85.1662 -61.9849
v  -47.6000 89.6062 -61.9849
v  -47.6000 94.0462 -61.9849
v  -47.6000 98.4862 -61.9849
v  -47.6000 102.9262 -61.9849
v  -47.6000 107.3662 -61.9849
v  -51.0000 0.0000 55.3813
v  -51.0000 0.0000 50.9413
v  -51.0000 0.0000 46.5013
v  -51.0000 0.0000 42.0613
v  -51.0000 0.0000 37.6213
v  -51.0000 0.0000 33.1813
v  -51.0000 0.0000 28.7413
v  -51.0000 0.0000 24.3013
v  -51.0000 0.0000 19.8613
v  -51.0000 0.0000 15.4213
v  -51.0000 0.0000 10.9813
v  -51.0000 0.0000 6.5413
v  -51.0000 0.0000 2.1013
v  -51.0000 0.0000 -2.3387
v  -51.0000 0.0000 -6.7787
v  -51.0000 0.0000 -11.2187
v  -51.0000 0.0000 -15.6587
v  -51.0000 0.0000 -20.0987
v  -51.0000 0.0000 -24.5387
v  -51.0000 0.0000 -28.9787
v  -51.0000 0.0000 -33.4187
v  -51.0000 0.0000 -37.8587
v  -51.0000 0.0000 -42.2987
v  -51.0000 0.0000 -46.7387
v  -51.0000 0.0000 -51.1787
v  -51.0000 0.0000 -55.6187
v  -51.0000 1.4866 -59.7074
v  -51.0000 5.2520 -61.8866
v  -51.0000 9.6862 -61.9849
v  -51.0000 14.1262 -61.9849
v  -51.0000 18.5662 -61.9849
v  -51.0000 23.0062 -61.9849
v  -51.0000 27.4462 -61.9849
v  -51.0000 31.8862 -61.9849
v  -51.0000 36.3262 -61.9849
v  -51.0000 40.7662 -61.9849
v  -51.0000 45.2062 -61.9849
v  -51.0000 49.6462 -61.9849
v  -51.0000 54.0862 -61.9849
v  -51.0000 58.5262 -61.9849
v  -51.0000 62.9662 -61.9849
v  -51.0000 67.4062 -61.9849
v  -51.0000 71.8462 -61.9849
v  -51.0000 76.2862 -61.9849
v  -51.0000 80.7262 -61.9849
v  -51.0000 85.1662 -61.9849
v  -51.0000 89.6062 -61.9849
v  -51.0000 94.0462 -61.9849
v  -51.0000 98.4862 -61.9849
v  -51.0000 102.9262 -61.9849
v  -51.0000 107.3662 -61.9849
v  -54.4000 0.0000 55.3813
v  -54.4000 0.0000 50.9413
v  -54.4000 0.0000 46.5013
v  -54.4000 0.0000 42.0613
v  -54.4000 0.0000 37.6213
v  -54.4000 0.0000 33.1813
v  -54.4000 0.0000 28.7413
v  -54.4000 0.0000 24.3013
v  -54.4000 0.0000 19.8613
v  -54.4000 0.0000 15.4213
v  -54.4000 0.0000 10.9813
v  -54.4000 0.0000 6.5413
v  -54.4000 0.0000 2.1013
v  -54.4000 0.0000 -2.3387
v  -54.4000 0.0000 -6.7787
v  -54.4000 0.0000 -11.2187
v  -54.4000 0.0000 -15.6587
v  -54.4000 0.0000 -20.0987
v  -54.4000 0.0000 -24.5387
v  -54.4000 0.0000 -28.9787
v  -54.4000 0.0000 -33.4187
v  -54.4000 0.0000 -37.8587
v  -54.4000 0.0000 -42.2987
v  -54.4000 0.0000 -46.7387
v  -54.4000 0.0000 -51.1787
v  -54.4000 0.0000 -55.6187
v  -54.4000 1.4866 -59.7074
v  -54.4000 5.2520 -61.8866
v  -54.4000 9.6862 -61.9849
v  -54.4000 14.1262 -61.9849
v  -54.4000 18.5662 -61.9849
v  -54.4000 23.0062 -61.9849
v  -54.4000 27.4462 -61.9849
v  -54.4000 31.8862 -61.9849
v  -54.4000 36.3262 -61.9849
v  -54.4000 40.7662 -61.9849
v  -54.4000 45.2062 -61.9849
v  -54.4000 49.6462 -61.9849
v  -54.4000 54.0862 -61.9849
v  -54.4000 58.5262 -61.9849
v  -54.4000 62.9662 -61.9849
v  -54.4000 67.4062 -61.9849
v  -54.4000 71.8462 -61.9849
v  -54.4000 76.2862 -61.9849
v  -54.4000 80.7262 -61.9849
v  -54.4000 85.1662 -61.9849
v  -54.4000 89.6062 -61.9849
v  -54.4000 94.0462 -61.9849
v  -54.4000 98.4862 -61.9849
v  -54.4000 102.9262 -61.9849
v  -54.4000 107.3662 -61.9849
v  -57.8000 0.0000 55.3813
v  -57.8000 0.0000 50.9413
v  -57.8000 0.0000 46.5013
v  -57.8000 0.0000 42.0613
v  -57.8000 0.0000 37.6213
v  -57.8000 0.0000 33.1813
v  -57.8000 0.0000 28.7413
v  -57.8000 0.0000 24.3013
v  -57.8000 0.0000 19.8613
v  -57.8000 0.0000 15.4213
v  -57.8000 0.0000 10.9813
v  -57.8000 0.0000 6.5413
v  -57.8000 0.0000 2.1013
v  -57.8000 0.0000 -2.3387
v  -57.8000 0.0000 -6.7787
v  -57.8000 0.0000 -11.2187
v  -57.8000 0.0000 -15.6587
v  -57.8000 0.0000 -20.0987
v  -57.8000 0.0000 -24.5387
v  -57.8000 0.0000 -28.9787
v  -57.8000 0.0000 -33.4187
v  -57.8000 0.0000 -37.8587
v  -57.8000 0.0000 -42.2987
v  -57.8000 0.0000 -46.7387
v  -57.8000 0.0000 -51.1787
v  -57.8000 0.0000 -55.6187
v  -57.8000 1.4866 -59.7074
v  -57.8000 5.2520 -61.8866
v  -57.8000 9.6862 -61.9849
v  -57.8000 14.1262 -61.9849
v  -57.8000 18.5662 -61.9849
v  -57.8000 23.0062 -61.9849
v  -57.8000 27.4462 -61.9849
v  -57.8000 31.8862 -61.9849
v  -57.8000 36.3262 -61.9849
v  -57.8000 40.7662 -61.9849
v  -57.8000 45.2062 -61.9849
v  -57.8000 49.6462 -61.9849
v  -57.8000 54.0862 -61.9849
v  -57.8000 58.5262 -61.9849
v  -57.8000 62.9662 -61.9849
v  -57.8000 67.4062 -61.9849
v  -57.8000 71.8462 -61.9849
v  -57.8000 76.2862 -61.9849
v  -57.8000 80.7262 -61.9849
v  -57.8000 85.1662 -61.9849
v  -57.8000 89.6062 -61.9849
v  -57.8000 94.0462 -61.9849
v  -57.8000 98.4862 -61.9849
v  -57.8000 102.9262 -61.9849
v  -57.8000 107.3662 -61.9849
v  -61.2000 0.0000 55.3813
v  -61.2000 0.0000 50.9413
v  -61.2000 0.0000 46.5013
v  -61.2000 0.0000 42.0613
v  -61.2000 0.0000 37.6213
v  -61.2000 0.0000 33.1813
v  -61.2000 0.0000 28.7413
v  -61.2000 0.0000 24.3013
v  -61.2000 0.0000 19.8613
v  -61.2000 0.0000 15.4213
v  -61.2000 0.0000 10.9813
v  -61.2000 0.0000 6.5413
v  -61.2000 0.0000 2.1013
v  -61.2000 0.0000 -2.3387
v  -61.2000 0.0000 -6.7787
v  -61.2000 0.0000 -11.2187
v  -61.2000 0.0000 -15.6587
v  -61.2000 0.0000 -20.0987
v  -61.2000 0.0000 -24.5387
v  -61.2000 0.0000 -28.9787
v  -61.2000 0.0000 -33.4187
v  -61.2000 0.0000 -37.8587
v  -61.2000 0.0000 -42.2987
v  -61.2000 0.0000 -46.7387
v  -61.2000 0.0000 -51.1787
v  -61.2000 0.0000 -55.6187
v  -61.2000 1.4866 -59.7074
v  -61.2000 5.2520 -61.8866
v  -61.2000 9.6862 -61.9849
v  -61.2000 14.1262 -61.9849
v  -61.2000 18.5662 -61.9849
v  -61.2000 23.0062 -61.9849
v  -61.2000 27.4462 -61.9849
v  -61.2000 31.8862 -61.9849
v  -61.2000 36.3262 -61.9849
v  -61.2000 40.7662 -61.9849
v  -61.2000 45.2062 -61.9849
v  -61.2000 49.6462 -61.9849
v  -61.2000 54.0862 -61.9849
v  -61.2000 58.5262 -61.9849
v  -61.2000 62.9662 -61.9849
v  -61.2000 67.4062 -61.9849
v  -61.2000 71.8462 -61.9849
v  -61.2000 76.2862 -61.9849
v  -61.2000 80.7262 -61.9849
v  -61.2000 85.1662 -61.9849
v  -61.2000 89.6062 -61.9849
v  -61.2000 94.0462 -61.9849
v  -61.2000 98.4862 -61.9849
v  -61.2000 102.9262 -61.9849
v  -61.2000 107.3662 -61.9849
v  -64.6000 0.0000 55.3813
v  -64.6000 0.0000 50.9413
v  -64.6000 0.0000 46.5013
v  -64.6000 0.0000 42.0613
v  -64.6000 0.0000 37.6213
v  -64.6000 0.0000 33.1813
v  -64.6000 0.0000 28.7413
v  -64.6000 0.0000 24.3013
v  -64.6000 0.0000 19.8613
v  -64.6000 0.0000 15.4213
v  -64.6000 0.0000 10.9813
v  -64.6000 0.0000 6.5413
v  -64.6000 0.0000 2.1013
v  -64.6000 0.0000 -2.3387
v  -64.6000 0.0000 -6.7787
v  -64.6000 0.0000 -11.2187
v  -64.6000 0.0000 -15.6587
v  -64.6000 0.0000 -20.0987
v  -64.6000 0.0000 -24.5387
v  -64.6000 0.0000 -28.9787
v  -64.6000 0.0000 -33.4187
v  -64.6000 0.0000 -37.8587
v  -64.6000 0.0000 -42.2987
v  -64.6000 0.0000 -46.7387
v  -64.6000 0.0000 -51.1787
v  -64.6000 0.0000 -55.6187
v  -64.6000 1.4866 -59.7074
v  -64.6000 5.2520 -61.8866
v  -64.6000 9.6862 -61.9849
v  -64.6000 14.1262 -61.9849
v  -64.6000 18.5662 -61.9849
v  -64.6000 23.0062 -61.9849
v  -64.6000 27.4462 -61.9849
v  -64.6000 31.8862 -61.9849
v  -64.6000 36.3262 -61.9849
v  -64.6000 40.7662 -61.9849
v  -64.6000 45.2062 -61.9849
v  -64.6000 49.6462 -61.9849
v  -64.6000 54.0862 -61.9849
v  -64.6000 58.5262 -61.9849
v  -64.6000 62.9662 -61.9849
v  -64.6000 67.4062 -61.9849
v  -64.6000 71.8462 -61.9849
v  -64.6000 76.2862 -61.9849
v  -64.6000 80.7262 -61.9849
v  -64.6000 85.1662 -61.9849
v  -64.6000 89.6062 -61.9849
v  -64.6000 94.0462 -61.9849
v  -64.6000 98.4862 -61.9849
v  -64.6000 102.9262 -61.9849
v  -64.6000 107.3662 -61.9849
v  -68.0000 0.0000 55.3813
v  -68.0000 0.0000 50.9413
v  -68.0000 0.0000 46.5013
v  -68.0000 0.0000 42.0613
v  -68.0000 0.0000 37.6213
v  -68.0000 0.0000 33.1813
v  -68.0000 0.0000 28.7413
v  -68.0000 0.0000 24.3013
v  -68.0000 0.0000 19.8613
v  -68.0000 0.0000 15.4213
v  -68.0000 0.0000 10.9813
v  -68.0000 0.0000 6.5413
v  -68.0000 0.0000 2.1013
v  -68.0000 0.0000 -2.3387
v  -68.0000 0.0000 -6.7787
v  -68.0000 0.0000 -11.2187
v  -68.0000 0.0000 -15.6587
v  -68.0000 0.0000 -20.0987
v  -68.0000 0.0000 -24.5387
v  -68.0000 0.0000 -28.9787
v  -68.0000 0.0000 -33.4187
v  -68.0000 0.0000 -37.8587
v  -68.0000 0.0000 -42.2987
v  -68.0000 0.0000 -46.7387
v  -68.0000 0.0000 -51.1787
v  -68.0000 0.0000 -55.6187
v  -68.0000 1.4866 -59.7074
v  -68.0000 5.2520 -61.8866
v  -68.0000 9.6862 -61.9849
v  -68.0000 14.1262 -61.9849
v  -68.0000 18.5662 -61.9849
v  -68.0000 23.0062 -61.9849
v  -68.0000 27.4462 -61.9849
v  -68.0000 31.8862 -61.9849
v  -68.0000 36.3262 -61.9849
v  -68.0000 40.7662 -61.9849
v  -68.0000 45.2062 -61.9849
v  -68.0000 49.6462 -61.9849
v  -68.0000 54.0862 -61.9849
v  -68.0000 58.5262 -61.9849
v  -68.0000 62.9662 -61.9849
v  -68.0000 67.4062 -61.9849
v  -68.0000 71.8462 -61.9849
v  -68.0000 76.2862 -61.9849
v  -68.0000 80.7262 -61.9849
v  -68.0000 85.1662 -61.9849
v  -68.0000 89.6062 -61.9849
v  -68.0000 94.0462 -61.9849
v  -68.0000 98.4862 -61.9849
v  -68.0000 102.9262 -61.9849
v  -68.0000 107.3662 -61.9849
v  -71.4000 0.0000 55.3813
v  -71.4000 0.0000 50.9413
v  -71.4000 0.0000 46.5013
v  -71.4000 0.0000 42.0613
v  -71.4000 0.0000 37.6213
v  -71.4000 0.0000 33.1813
v  -71.4000 0.0000 28.7413
v  -71.4000 0.0000 24.3013
v  -71.4000 0.0000 19.8613
v  -71.4000 0.0000 15.4213
v  -71.4000 0.0000 10.9813
v  -71.4000 0.0000 6.5413
v  -71.4000 0.0000 2.1013
v  -71.4000 0.0000 -2.3387
v  -71.4000 0.0000 -6.7787
v  -71.4000 0.0000 -11.2187
v  -71.4000 0.0000 -15.6587
v  -71.4000 0.0000 -20.0987
v  -71.4000 0.0000 -24.5387
v  -71.4000 0.0000 -28.9787
v  -71.4000 0.0000 -33.4187
v  -71.4000 0.0000 -37.8587
v  -71.4000 0.0000 -42.2987
v  -71.4000 0.0000 -46.7387
v  -71.4000 0.0000 -51.1787
v  -71.4000 0.0000 -55.6187
v  -71.4000 1.4866 -59.7074
v  -71.4000 5.2520 -61.8866
v  -71.4000 9.6862 -61.9849
v  -71.4000 14.1262 -61.9849
v  -71.4000 18.5662 -61.9849
v  -71.4000 23.0062 -61.9849
v  -71.4000 27.4462 -61.9849
v  -71.4000 31.8862 -61.9849
v  -71.4000 36.3262 -61.9849
v  -71.4000 40.7662 -61.9849
v  -71.4000 45.2062 -61.9849
v  -71.4000 49.6462 -61.9849
v  -71.4000 54.0862 -61.9849
v  -71.4000 58.5262 -61.9849
v  -71.4000 62.9662 -61.9849
v  -71.4000 67.4062 -61.9849
v  -71.4000 71.8462 -61.9849
v  -71.4000 76.2862 -61.9849
v  -71.4000 80.7262 -61.9849
v  -71.4000 85.1662 -61.9849
v  -71.4000 89.6062 -61.9849
v  -71.4000 94.0462 -61.9849
v  -71.4000 98.4862 -61.9849
v  -71.4000 102.9262 -61.9849
v  -71.4000 107.3662 -61.9849
v  -74.8000 0.0000 55.3813
v  -74.8000 0.0000 50.9413
v  -74.8000 0.0000 46.5013
v  -74.8000 0.0000 42.0613
v  -74.8000 0.0000 37.6213
v  -74.8000 0.0000 33.1813
v  -74.8000 0.0000 28.7413
v  -74.8000 0.0000 24.3013
v  -74.8000 0.0000 19.8613
v  -74.8000 0.0000 15.4213
v  -74.8000 0.0000 10.9813
v  -74.8000 0.0000 6.5413
v  -74.8000 0.0000 2.1013
v  -74.8000 0.0000 -2.3387
v  -74.8000 0.0000 -6.7787
v  -74.8000 0.0000 -11.2187
v  -74.8000 0.0000 -15.6587
v  -74.8000 0.0000 -20.0987
v  -74.8000 0.0000 -24.5387
v  -74.8000 0.0000 -28.9787
v  -74.8000 0.0000 -33.4187
v  -74.8000 0.0000 -37.8587
v  -74.8000 0.0000 -42.2987
v  -74.8000 0.0000 -46.7387
v  -74.8000 0.0000 -51.1787
v  -74.8000 0.0000 -55.6187
v  -74.8000 1.4866 -59.7074
v  -74.8000 5.2520 -61.8866
v  -74.8000 9.6862 -61.9849
v  -74.8000 14.1262 -61.9849
v  -74.8000 18.5662 -61.9849
v  -74.8000 23.0062 -61.9849
v  -74.8000 27.4462 -61.9849
v  -74.8000 31.8862 -61.9849
v  -74.8000 36.3262 -61.9849
v  -74.8000 40.7662 -61.9849
v  -74.8000 45.2062 -61.9849
v  -74.8000 49.6462 -61.9849
v  -74.8000 54.0862 -61.9849
v  -74.8000 58.5262 -61.9849
v  -74.8000 62.9662 -61.9849
v  -74.8000 67.4062 -61.9849
v  -74.8000 71.8462 -61.9849
v  -74.8000 76.2862 -61.9849
v  -74.8000 80.7262 -61.9849
v  -74.8000 85.1662 -61.9849
v  -74.8000 89.6062 -61.9849
v  -74.8000 94.0462 -61.9849
v  -74.8000 98.4862 -61.9849
v  -74.8000 102.9262 -61.9849
v  -74.8000 107.3662 -61.9849
v  -78.2000 0.0000 55.3813
v  -78.2000 0.0000 50.9413
v  -78.2000 0.0000 46.5013
v  -78.2000 0.0000 42.0613
v  -78.2000 0.0000 37.6213
v  -78.2000 0.0000 33.1813
v  -78.2000 0.0000 28.7413
v  -78.2000 0.0000 24.3013
v  -78.2000 0.0000 19.8613
v  -78.2000 0.0000 15.4213
v  -78.2000 0.0000 10.9813
v  -78.2000 0.0000 6.5413
v  -78.2000 0.0000 2.1013
v  -78.2000 0.0000 -2.3387
v  -78.2000 0.0000 -6.7787
v  -78.2000 0.0000 -11.2187
v  -78.2000 0.0000 -15.6587
v  -78.2000 0.0000 -20.0987
v  -78.2000 0.0000 -24.5387
v  -78.2000 0.0000 -28.9787
v  -78.2000 0.0000 -33.4187
v  -78.2000 0.0000 -37.8587
v  -78.2000 0.0000 -42.2987
v  -78.2000 0.0000 -46.7387
v  -78.2000 0.0000 -51.1787
v  -78.2000 0.0000 -55.6187
v  -78.2000 1.4866 -59.7074
v  -78.2000 5.2520 -61.8866
v  -78.2000 9.6862 -61.9849
v  -78.2000 14.1262 -61.9849
v  -78.2000 18.5662 -61.9849
v  -78.2000 23.0062 -61.9849
v  -78.2000 27.4462 -61.9849
v  -78.2000 31.8862 -61.9849
v  -78.2000 36.3262 -61.9849
v  -78.2000 40.7662 -61.9849
v  -78.2000 45.2062 -61.9849
v  -78.2000 49.6462 -61.9849
v  -78.2000 54.0862 -61.9849
v  -78.2000 58.5262 -61.9849
v  -78.2000 62.9662 -61.9849
v  -78.2000 67.4062 -61.9849
v  -78.2000 71.8462 -61.9849
v  -78.2000 76.2862 -61.9849
v  -78.2000 80.7262 -61.9849
v  -78.2000 85.1662 -61.9849
v  -78.2000 89.6062 -61.9849
v  -78.2000 94.0462 -61.9849
v  -78.2000 98.4862 -61.9849
v  -78.2000 102.9262 -61.9849
v  -78.2000 107.3662 -61.9849
v  -81.6000 0.0000 55.3813
v  -81.6000 0.0000 50.9413
v  -81.6000 0.0000 46.5013
v  -81.6000 0.0000 42.0613
v  -81.6000 0.0000 37.6213
v  -81.6000 0.0000 33.1813
v  -81.6000 0.0000 28.7413
v  -81.6000 0.0000 24.3013
v  -81.6000 0.0000 19.8613
v  -81.6000 0.0000 15.4213
v  -81.6000 0.0000 10.9813
v  -81.6000 0.0000 6.5413
v  -81.6000 0.0000 2.1013
v  -81.6000 0.0000 -2.3387
v  -81.6000 0.0000 -6.7787
v  -81.6000 0.0000 -11.2187
v  -81.6000 0.0000 -15.6587
v  -81.6000 0.0000 -20.0987
v  -81.6000 0.0000 -24.5387
v  -81.6000 0.0000 -28.9787
v  -81.6000 0.0000 -33.4187
v  -81.6000 0.0000 -37.8587
v  -81.6000 0.0000 -42.2987
v  -81.6000 0.0000 -46.7387
v  -81.6000 0.0000 -51.1787
v  -81.6000 0.0000 -55.6187
v  -81.6000 1.4866 -59.7074
v  -81.6000 5.2520 -61.8866
v  -81.6000 9.6862 -61.9849
v  -81.6000 14.1262 -61.9849
v  -81.6000 18.5662 -61.9849
v  -81.6000 23.0062 -61.9849
v  -81.6000 27.4462 -61.9849
v  -81.6000 31.8862 -61.9849
v  -81.6000 36.3262 -61.9849
v  -81.6000 40.7662 -61.9849
v  -81.6000 45.2062 -61.9849
v  -81.6000 49.6462 -61.9849
v  -81.6000 54.0862 -61.9849
v  -81.6000 58.5262 -61.9849
v  -81.6000 62.9662 -61.9849
v  -81.6000 67.4062 -61.9849
v  -81.6000 71.8462 -61.9849
v  -81.6000 76.2862 -61.9849
v  -81.6000 80.7262 -61.9849
v  -81.6000 85.1662 -61.9849
v  -81.6000 89.6062 -61.9849
v  -81.6000 94.0462 -61.9849
v  -81.6000 98.4862 -61.9849
v  -81.6000 102.9262 -61.9849
v  -81.6000 107.3662 -61.9849
v  -85.0000 0.0000 55.3813
v  -85.0000 0.0000 50.9413
v  -85.0000 0.0000 46.5013
v  -85.0000 0.0000 42.0613
v  -85.0000 0.0000 37.6213
v  -85.0000 0.0000 33.1813
v  -85.0000 0.0000 28.7413
v  -85.0000 0.0000 24.3013
v  -85.0000 0.0000 19.8613
v  -85.0000 0.0000 15.4213
v  -85.0000 0.0000 10.9813
v  -85.0000 0.0000 6.5413
v  -85.0000 0.0000 2.1013
v  -85.0000 0.0000 -2.3387
v  -85.0000 0.0000 -6.7787
v  -85.0000 0.0000 -11.2187
v  -85.0000 0.0000 -15.6587
v  -85.0000 0.0000 -20.0987
v  -85.0000 0.0000 -24.5387
v  -85.0000 0.0000 -28.9787
v  -85.0000 0.0000 -33.4187
v  -85.0000 0.0000 -37.8587
v  -85.0000 0.0000 -42.2987
v  -85.0000 0.0000 -46.7387
v  -85.0000 0.0000 -51.1787
v  -85.0000 0.0000 -55.6187
v  -85.0000 1.4866 -59.7074
v  -85.0000 5.2520 -61.8866
v  -85.0000 9.6862 -61.9849
v  -85.0000 14.1262 -61.9849
v  -85.0000 18.5662 -61.9849
v  -85.0000 23.0062 -61.9849
v  -85.0000 27.4462 -61.9849
v  -85.0000 31.8862 -61.9849
v  -85.0000 36.3262 -61.9849
v  -85.0000 40.7662 -61.9849
v  -85.0000 45.2062 -61.9849
v  -85.0000 49.6462 -61.9849
v  -85.0000 54.0862 -61.9849
v  -85.0000 58.5262 -61.9849
v  -85.0000 62.9662 -61.9849
v  -85.0000 67.4062 -61.9849
v  -85.0000 71.8462 -61.9849
v  -85.0000 76.2862 -61.9849
v  -85.0000 80.7262 -61.9849
v  -85.0000 85.1662 -61.9849
v  -85.0000 89.6062 -61.9849
v  -85.0000 94.0462 -61.9849
v  -85.0000 98.4862 -61.9849
v  -85.0000 102.9262 -61.9849
v  -85.0000 107.3662 -61.9849
